id	datetime	client_id	client_key	article_id	article_key	amount
1	2020-02-06 11:15:45	2416	83	7	4	3
2	2018-09-10 00:35:13	7729	72	30	13	4
3	2021-10-11 08:44:19	2681	68	203	81	1
4	2022-07-04 16:26:44	6460	64	218	84	5
5	2022-10-19 10:20:02	8020	95	208	77	2
6	2020-09-30 23:27:46	2022	41	236	88	5
7	2023-01-03 22:44:12	7542	85	6	2	3
8	2016-12-14 02:22:49	1739	51	191	74	3
9	2022-12-21 17:15:19	7403	65	253	90	1
10	2022-09-21 08:39:38	5952	30	205	80	1
11	2021-12-20 15:30:35	2532	47	118	42	2
12	2021-08-21 03:53:33	9683	87	79	32	2
13	2017-07-25 19:23:10	1868	25	141	52	3
14	2020-12-08 00:32:59	7651	44	7	4	4
15	2020-11-28 22:44:51	7630	81	57	26	4
16	2023-04-28 05:14:22	8770	18	205	80	3
17	2020-09-14 22:33:20	6460	64	9	6	3
18	2022-10-25 06:46:31	5991	17	116	43	1
19	2023-04-04 23:18:03	1493	84	170	67	4
20	2021-01-29 01:52:28	3207	57	191	75	3
21	2022-04-04 19:02:53	619	76	7	4	5
22	2023-05-26 21:44:26	237	80	32	14	5
23	2021-03-05 02:52:02	2022	41	115	46	1
24	2019-10-13 13:38:14	6602	61	218	84	5
25	2022-04-12 00:40:01	5947	9	110	39	5
26	2021-04-05 03:57:16	1493	84	148	57	3
27	2019-04-01 00:19:42	4419	91	36	18	4
28	2022-07-04 20:07:32	6431	37	113	45	4
29	2023-02-13 16:13:48	2481	100	116	43	2
30	2016-05-14 00:02:29	5343	90	52	19	1
31	2017-12-11 05:20:17	8865	99	236	88	5
32	2021-12-19 04:38:29	6847	40	10	3	3
33	2022-06-30 16:40:30	6602	61	141	52	5
34	2021-05-07 22:39:03	564	73	214	83	2
35	2022-02-25 00:52:16	6612	69	130	50	2
36	2023-01-28 16:02:06	8684	26	266	99	5
37	2022-03-02 09:29:24	4959	70	214	83	3
38	2023-05-24 05:02:06	8108	22	90	36	4
39	2021-07-24 11:34:37	2310	20	129	49	3
40	2021-06-27 08:03:17	7716	42	19	7	2
41	2023-02-19 21:58:03	6431	37	146	56	4
42	2020-08-21 04:05:55	9779	6	79	32	2
43	2022-12-22 21:28:06	478	62	7	4	1
44	2023-06-05 08:09:54	237	80	32	14	3
45	2023-04-19 10:04:18	3390	82	167	66	3
46	2019-11-24 16:44:40	3207	57	191	75	2
47	2021-03-16 12:47:11	5384	35	88	30	1
48	2023-04-27 14:52:42	478	62	205	80	5
49	2021-12-30 10:47:26	446	15	130	50	1
50	2021-06-09 03:22:08	7716	42	30	13	4
51	2019-06-25 22:04:42	8108	22	178	69	4
52	2020-07-02 11:08:11	2867	66	59	27	5
53	2023-05-21 19:44:23	13	24	170	67	2
54	2022-12-02 19:40:04	2947	12	7	4	4
55	2022-08-09 05:52:37	2040	14	7	4	5
56	2018-02-15 20:55:27	2644	1	79	31	2
57	2022-08-09 22:10:37	5704	49	160	60	2
58	2022-12-20 21:50:39	6130	79	52	20	4
59	2023-03-18 07:04:59	4622	8	116	43	4
60	2023-05-22 12:03:15	2947	12	205	80	4
61	2022-09-06 09:44:58	3636	71	160	60	1
62	2019-09-01 16:32:55	8020	95	208	77	5
63	2021-09-14 22:55:57	7729	72	118	42	5
64	2018-07-18 19:22:00	2644	1	79	31	5
65	2022-10-22 08:53:56	1704	89	205	80	1
66	2022-10-14 08:04:23	446	15	130	50	2
67	2020-07-16 19:05:04	1407	56	141	52	1
68	2020-10-23 02:39:19	3299	75	36	18	2
69	2023-01-22 04:37:42	6412	23	115	47	2
70	2022-10-07 21:14:54	1704	89	205	80	1
71	2018-05-15 21:56:42	1385	60	200	79	3
72	2019-07-06 13:02:30	8684	26	178	69	3
73	2023-03-09 10:35:09	619	76	205	80	2
74	2022-05-11 15:08:38	1385	60	57	26	2
75	2021-11-18 09:36:00	1213	46	89	35	2
76	2019-02-12 14:51:21	9266	36	52	20	2
77	2021-07-19 22:35:17	1868	25	53	22	1
78	2021-03-31 18:52:02	2570	45	178	70	2
79	2021-01-19 21:11:29	4419	91	190	73	4
80	2023-05-20 15:52:44	8020	95	98	34	5
81	2023-03-03 16:35:15	9734	52	205	80	4
82	2018-10-20 03:51:40	3299	75	223	86	4
83	2023-05-05 02:04:15	8020	95	98	34	5
84	2021-05-08 00:24:01	8108	22	156	63	1
85	2022-12-09 07:45:52	7812	5	248	91	2
86	2022-12-27 12:16:07	8770	18	205	80	5
87	2020-12-18 06:00:30	3299	75	36	18	5
88	2022-07-21 06:50:34	9683	87	200	79	1
89	2023-05-27 11:55:04	9026	27	98	34	1
90	2022-02-21 18:43:10	5947	9	154	54	1
91	2021-05-23 00:49:01	1914	77	235	89	1
92	2020-11-25 02:07:20	3323	7	148	57	5
93	2019-02-22 10:38:13	1529	28	99	33	2
94	2023-04-30 23:00:32	1529	28	154	55	5
95	2020-11-03 10:16:19	9683	87	13	9	5
96	2018-11-05 12:28:14	446	15	141	52	1
97	2023-05-11 08:08:55	1266	63	98	34	2
98	2023-01-04 02:47:48	5704	49	160	60	2
99	2023-02-04 17:57:12	6412	23	115	47	5
100	2023-04-18 11:20:55	2532	47	272	98	1
101	2022-08-23 13:32:17	4375	55	214	83	2
102	2023-04-20 09:29:13	528	33	116	43	3
103	2022-12-16 17:03:49	8312	13	61	24	5
104	2021-09-05 19:41:00	2075	31	115	46	2
105	2020-08-14 15:48:43	9611	19	79	32	2
106	2023-01-08 17:14:31	6660	59	56	25	5
107	2022-11-08 15:25:39	619	76	7	4	4
108	2021-11-16 17:15:31	9734	52	7	4	5
109	2023-06-04 15:05:55	1481	94	32	14	3
110	2023-04-18 15:12:40	1493	84	148	57	1
111	2020-12-24 17:14:14	6647	67	146	56	4
112	2020-09-04 15:45:22	2532	47	151	53	1
113	2023-05-26 18:52:53	6847	40	32	14	3
114	2022-08-18 04:35:42	5704	49	116	43	4
115	2022-02-23 12:14:10	3390	82	13	9	1
116	2021-10-21 19:56:48	2644	1	156	63	5
117	2019-02-28 06:54:26	6602	61	218	84	2
118	2022-08-25 13:32:07	1704	89	7	4	3
119	2022-10-09 00:10:27	237	80	164	61	2
120	2023-05-03 17:20:40	7136	48	170	67	5
121	2023-02-06 14:56:43	2466	2	118	42	5
122	2023-05-21 05:01:17	3236	3	170	67	5
123	2022-09-26 01:12:34	7651	44	205	80	1
124	2022-12-19 12:00:26	3862	29	116	43	5
125	2023-03-12 11:09:35	675	21	88	30	2
126	2022-07-24 10:47:10	6612	69	218	84	4
127	2019-07-22 20:39:09	1385	60	178	69	4
128	2019-12-04 11:04:20	3070	39	218	84	5
129	2020-02-22 15:18:39	1529	28	264	93	5
130	2019-07-28 05:54:06	2644	1	200	79	3
131	2022-12-04 20:08:08	619	76	7	4	5
132	2016-04-23 01:24:01	9266	36	52	19	3
133	2022-11-13 14:09:38	3299	75	113	45	2
134	2023-04-04 07:10:01	2022	41	170	67	1
135	2018-10-06 08:23:04	2644	1	200	79	2
136	2023-01-14 09:30:17	6431	37	256	95	1
137	2023-04-18 20:22:48	3323	7	170	67	5
138	2022-12-27 06:33:00	1529	28	253	90	1
139	2019-11-26 04:16:28	5704	49	105	41	3
140	2022-10-20 13:51:38	5947	9	209	76	3
141	2023-03-14 04:45:42	2040	14	205	80	2
142	2019-01-17 15:55:20	1266	63	208	77	2
143	2022-02-20 09:26:53	3953	4	214	83	5
144	2023-02-14 11:50:34	9699	78	261	92	3
145	2021-10-27 23:08:02	3236	3	115	46	1
146	2022-08-12 05:34:54	6647	67	113	45	3
147	2022-05-29 17:19:17	9734	52	7	4	3
148	2017-11-03 19:02:06	9699	78	129	49	4
149	2018-09-06 13:46:40	5947	9	110	38	5
150	2021-03-27 16:38:39	5100	88	264	93	1
151	2022-08-06 23:16:14	1118	92	66	23	5
152	2021-05-16 10:41:36	6130	79	162	59	2
153	2021-12-23 11:22:52	2867	66	59	27	4
154	2021-11-28 01:02:22	6412	23	214	83	5
155	2023-01-31 18:43:23	7542	85	160	60	1
156	2023-05-28 07:33:13	2947	12	205	80	2
157	2022-10-27 16:44:23	1407	56	53	22	4
158	2017-05-19 18:05:56	5947	9	242	87	5
159	2021-12-08 21:34:24	6602	61	262	96	3
160	2020-02-18 21:55:06	4328	43	99	33	3
161	2022-04-20 10:11:03	5100	88	110	39	2
162	2022-09-29 04:27:52	1493	84	214	83	5
163	2021-05-16 02:56:52	3323	7	5	5	2
164	2022-08-23 23:41:40	9611	19	13	10	1
165	2022-06-06 04:46:11	6847	40	10	3	5
166	2019-05-13 01:42:41	9266	36	261	92	2
167	2018-06-18 19:07:08	9611	19	79	31	3
168	2017-09-03 04:27:55	9699	78	272	97	4
169	2023-02-22 19:49:16	619	76	205	80	3
170	2023-03-30 00:44:08	3299	75	14	12	5
171	2016-10-07 15:35:31	5991	17	248	91	4
172	2023-04-07 06:48:54	9683	87	13	10	3
173	2023-05-14 14:48:19	1492	98	276	100	1
174	2023-04-27 00:23:58	564	73	170	67	2
175	2021-03-01 10:16:50	6431	37	190	73	4
176	2019-01-24 18:51:10	1529	28	22	8	5
177	2023-05-16 09:07:14	8684	26	266	99	1
178	2018-10-11 02:41:32	5947	9	154	54	1
179	2022-11-12 16:52:00	6602	61	262	96	1
180	2019-01-20 22:58:30	2034	10	111	44	1
181	2020-06-23 04:51:04	9699	78	272	97	4
182	2020-11-09 14:14:28	4328	43	88	30	4
183	2018-10-09 01:07:39	2075	31	115	46	2
184	2023-05-27 05:53:13	675	21	154	55	2
185	2023-06-04 00:00:33	6647	67	212	82	5
186	2019-09-24 04:56:08	5384	35	110	38	2
187	2017-09-22 10:49:23	7716	42	52	19	3
188	2023-01-31 11:49:23	1493	84	115	47	1
189	2022-06-24 11:12:56	9026	27	164	61	2
190	2021-03-08 17:50:14	9683	87	156	63	5
191	2023-03-30 07:32:32	619	76	205	80	5
192	2021-05-07 22:54:57	3390	82	79	32	3
193	2020-09-26 14:18:58	2532	47	272	97	2
194	2022-06-30 11:59:34	9003	34	276	100	1
195	2023-04-18 18:45:50	6130	79	52	20	5
196	2022-02-15 12:49:10	2310	20	30	13	5
197	2022-09-04 16:23:18	7729	72	184	68	3
198	2021-11-13 05:33:48	4388	50	89	35	1
199	2023-02-03 00:32:19	1492	98	276	100	5
200	2019-11-02 15:49:51	8289	86	10	3	1
201	2023-05-30 22:54:00	5035	54	154	55	3
202	2022-03-17 18:44:54	6612	69	9	6	3
203	2020-03-05 21:39:31	7136	48	5	5	2
204	2022-09-16 18:30:13	5952	30	205	80	2
205	2022-12-27 10:48:39	3636	71	116	43	5
206	2021-06-28 07:53:50	5100	88	110	38	5
207	2022-05-11 00:15:52	7542	85	116	43	2
208	2022-02-12 15:27:30	13	24	5	5	1
209	2022-01-21 23:00:50	9026	27	10	3	4
210	2023-05-04 08:10:56	4419	91	14	12	1
211	2019-07-26 21:13:47	2644	1	178	69	3
212	2020-05-10 22:03:58	7729	72	173	65	1
213	2023-05-07 09:07:46	8865	99	170	67	3
214	2020-07-24 13:29:18	9026	27	208	77	2
215	2018-06-05 06:48:08	1739	51	191	74	5
216	2023-05-30 20:22:21	8289	86	32	14	5
217	2022-11-23 14:18:05	4419	91	113	45	2
218	2021-04-07 17:48:10	3236	3	5	5	1
219	2018-01-16 03:41:03	9683	87	79	31	2
220	2020-01-18 23:04:22	6847	40	10	3	4
221	2021-12-11 04:54:39	2075	31	203	81	5
222	2021-07-12 09:46:52	8128	58	105	41	3
223	2023-01-28 23:42:00	6024	96	205	80	1
224	2022-04-02 14:41:59	6130	79	118	42	1
225	2017-01-24 12:07:03	8268	16	188	71	4
226	2018-06-09 23:09:42	1914	77	114	48	4
227	2022-11-30 16:00:43	3390	82	90	36	4
228	2023-02-21 17:21:19	7542	85	160	60	5
229	2022-01-11 04:20:57	5947	9	264	93	2
230	2016-04-13 00:56:04	6660	59	34	17	3
231	2022-07-07 08:56:17	5100	88	110	40	1
232	2023-05-22 14:33:03	3207	57	213	85	3
233	2023-05-26 07:33:15	1481	94	32	14	3
234	2023-05-02 05:39:36	2947	12	7	4	2
235	2023-03-13 14:35:11	1868	25	97	37	5
236	2023-05-31 16:24:01	1529	28	154	55	5
237	2023-01-02 00:14:24	8770	18	205	80	4
238	2017-11-22 19:38:58	1407	56	218	84	2
239	2019-08-11 13:59:11	4959	70	148	57	5
240	2020-09-10 13:11:23	6602	61	9	6	1
241	2022-05-26 04:02:36	5035	54	110	40	3
242	2021-01-12 16:46:43	446	15	97	37	4
243	2020-04-17 02:55:48	7542	85	105	41	2
244	2019-12-28 04:46:42	5100	88	88	30	5
245	2018-04-25 14:18:43	1385	60	57	26	2
246	2022-02-14 16:53:07	6847	40	10	3	2
247	2019-04-06 04:55:52	4328	43	154	54	2
248	2022-02-14 07:47:25	619	76	7	4	1
249	2019-07-08 20:54:48	4388	50	188	72	5
250	2022-12-15 05:22:47	5704	49	61	24	5
251	2022-02-08 10:17:50	9611	19	156	64	3
252	2023-05-30 18:02:49	2681	68	115	47	2
253	2018-04-06 22:41:05	2310	20	52	20	1
254	2022-07-04 11:20:32	2481	100	116	43	5
255	2022-08-31 06:35:41	478	62	7	4	1
256	2022-05-03 17:39:08	6460	64	262	96	1
257	2021-08-29 19:07:47	5384	35	11	1	5
258	2019-09-15 21:40:43	3207	57	235	89	2
259	2023-06-05 13:56:55	2034	10	155	62	2
260	2020-02-18 22:53:01	5384	35	11	1	4
261	2020-05-30 19:22:21	5384	35	110	38	5
262	2023-01-27 22:39:48	7403	65	154	54	5
263	2022-12-06 07:04:51	2416	83	205	80	3
264	2023-01-11 02:55:12	7651	44	7	4	1
265	2023-03-11 09:04:39	8289	86	164	61	3
266	2018-06-03 05:14:34	1914	77	191	74	4
267	2018-07-08 05:45:43	8108	22	79	31	5
268	2023-03-23 06:01:43	9779	6	156	64	2
269	2023-05-25 04:55:34	2416	83	205	80	5
270	2020-11-15 21:46:30	1213	46	254	94	4
271	2022-05-29 16:03:56	2034	10	199	78	3
272	2022-10-30 04:11:13	2022	41	115	46	1
273	2022-09-24 10:08:54	619	76	205	80	1
274	2022-09-29 21:34:09	8684	26	266	99	4
275	2023-02-26 05:36:19	6431	37	190	73	3
276	2023-05-29 09:07:57	2532	47	272	98	4
277	2022-07-21 18:45:21	6460	64	262	96	1
278	2022-04-07 07:44:17	2466	2	118	42	5
279	2021-11-02 02:37:54	2075	31	236	88	1
280	2023-05-11 15:48:27	237	80	98	34	2
281	2020-11-04 15:28:30	619	76	7	4	2
282	2022-06-10 06:42:00	2681	68	115	46	2
283	2019-08-15 09:31:26	2075	31	148	57	3
284	2021-11-27 22:19:33	9683	87	178	70	1
285	2022-09-14 11:26:12	4423	32	116	43	4
286	2021-06-12 05:49:07	9683	87	156	63	4
287	2017-07-06 08:45:42	4328	43	66	23	4
288	2017-07-10 05:37:12	7403	65	22	8	5
289	2022-12-24 17:04:51	2075	31	115	47	2
290	2021-04-09 05:49:36	8128	58	61	24	2
291	2020-08-20 00:28:59	6602	61	218	84	4
292	2023-05-04 11:40:38	4419	91	25	16	5
293	2020-09-25 10:51:29	2867	66	114	48	3
294	2022-04-10 00:34:49	8289	86	164	61	2
295	2022-11-08 00:35:38	7542	85	61	24	2
296	2021-09-17 00:11:17	2310	20	261	92	2
297	2023-04-06 02:10:01	6024	96	7	4	5
298	2022-12-13 04:45:07	564	73	115	47	5
299	2018-05-09 03:11:42	5384	35	209	76	2
300	2021-11-03 18:44:11	9003	34	188	72	3
301	2023-03-04 05:10:49	4419	91	135	51	4
302	2023-03-25 14:12:01	13	24	214	83	1
303	2019-08-19 18:45:27	1868	25	9	6	5
304	2019-10-28 14:51:33	528	33	105	41	2
305	2023-05-05 09:12:06	237	80	164	61	4
306	2019-09-27 16:19:09	1493	84	148	57	1
307	2021-04-08 19:55:02	8684	26	156	63	3
308	2022-12-04 04:54:35	1492	98	56	25	5
309	2021-02-24 03:29:26	5343	90	19	7	2
310	2021-05-14 04:32:12	8289	86	208	77	4
311	2021-09-24 21:24:12	1481	94	208	77	1
312	2019-05-06 07:00:50	7295	53	115	46	1
313	2023-06-04 01:37:07	13	24	170	67	2
314	2021-10-31 12:12:28	4622	8	116	43	2
315	2021-07-07 20:01:36	8312	13	105	41	3
316	2023-04-14 17:42:54	13	24	115	47	5
317	2020-04-16 08:37:56	5100	88	110	38	5
318	2023-01-04 19:22:52	1385	60	178	70	2
319	2023-04-23 09:31:42	4423	32	116	43	3
320	2020-10-05 15:43:47	3070	39	141	52	3
321	2023-03-13 09:16:31	2416	83	205	80	2
322	2023-05-11 05:29:58	7295	53	115	47	5
323	2022-12-18 02:02:41	4328	43	253	90	1
324	2023-05-19 17:42:03	4388	50	254	94	1
325	2018-03-26 15:50:32	9611	19	79	31	5
326	2021-06-08 14:29:27	8312	13	248	91	2
327	2017-09-12 06:45:46	9266	36	129	49	3
328	2022-12-08 18:44:19	675	21	253	90	1
329	2023-04-09 13:33:47	7136	48	170	67	2
330	2020-08-01 08:07:28	5035	54	22	8	5
331	2022-11-04 07:40:54	8684	26	90	36	3
332	2022-03-27 03:49:33	7716	42	19	7	3
333	2023-05-11 17:47:03	675	21	154	55	4
334	2022-10-18 17:49:50	4419	91	146	56	4
335	2023-04-26 20:00:25	8128	58	116	43	3
336	2023-04-13 02:42:27	9234	38	98	34	3
337	2022-12-26 15:20:00	5035	54	253	90	4
338	2022-02-23 20:40:51	3070	39	130	50	1
339	2022-08-17 04:14:10	9779	6	90	36	1
340	2023-03-29 16:04:01	8268	16	56	25	1
341	2021-12-30 13:17:47	3862	29	105	41	4
342	2022-08-09 12:10:43	3862	29	105	41	2
343	2023-05-09 06:12:42	9234	38	98	34	2
344	2023-05-17 16:03:09	3207	57	213	85	3
345	2021-01-24 21:08:11	5100	88	242	87	3
346	2023-04-11 11:43:08	2075	31	170	67	3
347	2019-05-29 03:01:15	2570	45	46	21	3
348	2021-10-17 22:58:34	9266	36	173	65	1
349	2022-02-03 08:37:01	7136	48	214	83	4
350	2018-07-29 13:04:07	3323	7	115	46	1
351	2023-03-17 14:34:30	2947	12	205	80	4
352	2022-02-10 06:48:49	2570	45	46	21	5
353	2023-04-26 08:14:04	4375	55	170	67	5
354	2020-05-11 15:15:38	8865	99	115	46	2
355	2023-03-02 00:32:19	2947	12	205	80	1
356	2022-04-28 18:00:25	675	21	110	39	2
357	2023-05-28 04:49:52	9611	19	13	10	4
358	2023-06-04 20:24:21	1481	94	32	14	2
359	2018-06-07 11:53:48	8128	58	248	91	5
360	2023-02-15 03:43:35	4622	8	6	2	2
361	2022-11-11 10:10:12	7651	44	7	4	1
362	2022-04-11 21:25:45	4090	74	214	83	3
363	2021-10-04 06:29:41	3862	29	61	24	5
364	2023-04-20 11:53:36	7716	42	272	98	2
365	2019-12-18 18:50:57	2481	100	105	41	5
366	2023-03-17 12:24:17	3070	39	130	50	4
367	2017-11-08 10:34:27	6602	61	53	22	1
368	2020-10-23 00:06:50	9266	36	184	68	3
369	2022-11-25 16:47:56	8312	13	160	60	3
370	2023-03-31 21:41:06	4423	32	248	91	1
371	2023-05-04 11:31:40	619	76	205	80	1
372	2019-02-28 04:10:41	1739	51	191	74	4
373	2021-12-14 10:08:13	6612	69	97	37	5
374	2022-05-13 05:33:50	7812	5	6	2	4
375	2022-05-11 05:23:07	1739	51	114	48	4
376	2023-05-20 15:43:42	2867	66	59	28	1
377	2018-04-29 02:25:51	2681	68	236	88	5
378	2019-05-29 05:00:44	2570	45	13	9	3
379	2022-09-10 07:33:21	446	15	262	96	3
380	2022-08-15 13:28:00	2176	11	205	80	2
381	2022-02-23 20:21:13	1914	77	59	27	5
382	2023-05-02 12:59:29	4419	91	223	86	3
383	2022-10-18 13:53:53	8770	18	205	80	4
384	2023-05-19 13:45:47	1914	77	213	85	2
385	2020-06-27 08:21:48	5991	17	61	24	2
386	2016-04-10 07:03:11	9266	36	129	49	4
387	2021-04-13 21:13:46	7403	65	154	54	5
388	2022-10-07 08:52:17	478	62	205	80	2
389	2022-07-15 08:44:02	7542	85	6	2	1
390	2022-02-09 12:17:43	6460	64	130	50	1
391	2021-06-08 17:42:42	9699	78	184	68	2
392	2019-10-23 10:20:47	4388	50	199	78	2
393	2020-02-10 20:29:12	7295	53	5	5	1
394	2022-12-06 23:53:57	2034	10	254	94	2
395	2021-02-08 03:32:35	1739	51	59	27	5
396	2023-03-03 14:54:01	1118	92	110	40	4
397	2020-03-15 23:25:22	5952	30	7	4	4
398	2022-01-02 22:29:43	1481	94	10	3	1
399	2020-09-26 18:41:38	6847	40	10	3	1
400	2023-05-14 08:59:44	1739	51	213	85	4
401	2022-12-04 03:39:23	2947	12	205	80	2
402	2023-02-22 13:09:22	1868	25	262	96	5
403	2022-09-23 04:58:40	5947	9	110	40	4
404	2022-03-29 03:55:06	2466	2	52	20	2
405	2021-09-08 15:49:33	7729	72	118	42	5
406	2022-11-19 07:50:21	1739	51	147	58	5
407	2018-05-10 14:39:25	1385	60	57	26	3
408	2022-02-13 22:53:21	6660	59	254	94	2
409	2023-03-13 13:44:18	8312	13	105	41	1
410	2023-01-06 13:58:51	2022	41	214	83	5
411	2022-09-28 21:08:26	3390	82	90	36	1
412	2022-10-12 09:22:08	3299	75	146	56	3
413	2021-05-24 22:27:35	9611	19	178	70	2
414	2023-01-08 01:32:14	8770	18	205	80	4
415	2020-12-02 02:34:09	5947	9	88	30	4
416	2021-05-29 16:51:23	8128	58	248	91	1
417	2023-02-08 10:26:19	3953	4	115	47	1
418	2022-03-12 17:35:31	1868	25	130	50	3
419	2023-05-12 18:18:31	9026	27	98	34	3
420	2023-02-20 19:13:08	1914	77	235	89	5
421	2020-01-08 15:53:29	13	24	236	88	4
422	2022-12-22 13:35:47	7729	72	129	49	5
423	2015-11-07 08:23:47	6130	79	52	19	1
424	2022-08-26 22:14:39	619	76	205	80	5
425	2020-04-27 10:20:14	2034	10	188	72	5
426	2021-07-08 17:29:14	8770	18	7	4	1
427	2020-09-08 18:22:30	6612	69	218	84	4
428	2022-08-09 07:30:55	3390	82	13	10	2
429	2018-07-15 02:02:24	7630	81	79	31	3
430	2021-05-15 00:44:29	7295	53	203	81	1
431	2016-05-22 22:34:21	3070	39	141	52	2
432	2022-11-15 08:06:41	9779	6	178	70	4
433	2023-05-20 21:29:09	2867	66	213	85	1
434	2023-06-02 13:47:38	4090	74	170	67	4
435	2023-05-18 17:19:40	6847	40	164	61	3
436	2022-03-28 00:02:31	1493	84	148	57	4
437	2023-06-05 08:50:07	8312	13	6	2	2
438	2023-02-04 01:20:36	13	24	115	47	5
439	2021-02-06 17:19:20	5100	88	66	23	3
440	2020-12-01 06:38:59	4423	32	61	24	1
441	2023-05-04 22:44:21	6847	40	98	34	4
442	2023-04-05 17:17:52	6660	59	89	35	5
443	2021-09-26 21:13:40	2681	68	214	83	5
444	2018-08-27 12:17:18	8108	22	79	31	2
445	2023-06-01 00:33:39	564	73	170	67	1
446	2019-07-07 21:50:57	7630	81	178	69	5
447	2019-07-09 23:12:47	369	93	10	3	1
448	2016-06-20 15:03:50	6660	59	111	44	4
449	2023-02-01 18:49:35	2681	68	115	47	3
450	2022-08-29 20:57:19	5952	30	7	4	4
451	2019-05-20 01:44:51	8289	86	208	77	2
452	2023-05-24 15:43:48	2867	66	213	85	4
453	2020-09-21 04:53:02	619	76	7	4	3
454	2019-05-25 13:53:25	7729	72	173	65	5
455	2023-05-30 10:20:32	8020	95	32	14	4
456	2023-02-28 23:29:41	1385	60	13	10	1
457	2022-06-27 03:28:23	619	76	7	4	3
458	2022-11-06 22:21:52	9699	78	118	42	1
459	2019-10-09 06:28:58	1492	98	188	72	4
460	2022-11-01 02:28:12	9779	6	13	10	5
461	2023-05-18 23:32:31	4419	91	25	16	2
462	2023-05-27 11:20:49	1266	63	32	14	5
463	2022-11-17 09:18:24	9734	52	7	4	1
464	2023-03-04 15:35:49	8770	18	205	80	4
465	2018-10-31 23:26:57	6431	37	223	86	4
466	2017-08-29 01:30:20	3236	3	236	88	3
467	2022-06-12 11:32:21	3636	71	6	2	1
468	2017-03-13 13:09:34	1739	51	191	74	1
469	2019-07-27 17:57:13	8108	22	178	69	5
470	2020-07-31 10:33:57	1385	60	178	70	3
471	2021-12-21 18:24:42	8684	26	200	79	4
472	2021-05-04 08:53:18	1914	77	235	89	3
473	2022-12-29 18:28:54	3636	71	116	43	4
474	2023-03-23 21:27:02	5704	49	160	60	5
475	2023-02-03 05:44:44	5952	30	205	80	2
476	2021-12-06 12:22:10	3953	4	5	5	2
477	2021-09-06 10:04:57	7716	42	30	13	5
478	2022-11-18 01:52:42	9779	6	266	99	5
479	2021-12-05 17:50:22	5947	9	66	23	1
480	2022-02-13 10:39:51	4388	50	34	17	4
481	2022-10-26 16:46:00	8770	18	205	80	2
482	2022-06-30 11:06:49	3636	71	6	2	4
483	2020-06-21 04:59:08	2034	10	276	100	3
484	2021-09-28 21:55:47	1118	92	242	87	4
485	2022-12-21 07:09:38	2176	11	205	80	1
486	2022-03-18 04:29:51	6460	64	218	84	4
487	2021-03-13 04:57:03	7542	85	105	41	4
488	2018-12-31 20:32:43	5343	90	30	13	5
489	2022-03-30 23:06:57	2022	41	148	57	3
490	2022-08-09 10:07:53	237	80	164	61	2
491	2023-01-09 21:31:13	446	15	97	37	2
492	2021-07-08 11:17:44	1407	56	53	22	2
493	2021-05-24 22:34:53	1118	92	22	8	4
494	2022-09-13 09:57:32	2947	12	205	80	4
495	2020-08-06 06:44:47	8108	22	46	21	2
496	2023-04-20 03:21:48	6612	69	130	50	5
497	2022-09-26 09:38:40	9026	27	208	77	1
498	2021-05-24 03:20:02	6412	23	148	57	2
499	2023-01-21 09:55:08	5952	30	205	80	1
500	2021-03-06 01:26:16	1492	98	188	72	4
501	2021-11-29 17:20:52	7716	42	30	13	2
502	2021-12-14 10:01:39	3953	4	115	46	5
503	2022-04-21 13:35:04	8108	22	178	70	5
504	2023-04-12 23:35:35	237	80	164	61	5
505	2022-08-27 08:33:36	2176	11	205	80	5
506	2020-07-01 00:28:08	4328	43	110	38	4
507	2016-11-04 14:47:29	6660	59	111	44	4
508	2018-08-14 09:32:37	9699	78	272	97	2
509	2022-05-10 14:16:07	6602	61	97	37	5
510	2019-03-13 09:05:44	9003	34	111	44	4
511	2019-08-15 19:58:21	5100	88	110	38	5
512	2022-07-01 21:35:10	9611	19	200	79	1
513	2021-05-01 08:20:46	6130	79	184	68	2
514	2019-04-04 14:04:13	7716	42	272	97	5
515	2017-09-30 18:15:42	3070	39	218	84	5
516	2023-04-20 13:51:38	7729	72	272	98	4
517	2023-06-03 21:50:32	8020	95	32	14	4
518	2023-06-03 01:19:32	1481	94	32	14	3
519	2022-11-08 10:17:38	5952	30	205	80	3
520	2023-05-27 15:17:25	9266	36	272	98	4
521	2023-05-13 15:16:50	9234	38	98	34	3
522	2022-08-21 06:14:23	675	21	110	40	1
523	2023-02-02 03:27:39	8684	26	46	21	3
524	2023-05-24 11:22:29	5947	9	253	90	2
525	2021-07-08 02:09:17	4388	50	155	62	2
526	2023-03-19 15:01:15	1492	98	89	35	5
527	2022-04-07 23:08:31	6431	37	36	18	5
528	2021-07-10 23:08:47	2681	68	5	5	3
529	2021-12-04 00:41:35	619	76	7	4	4
530	2015-04-07 15:04:35	9003	34	188	71	4
531	2020-08-17 01:47:37	7812	5	248	91	2
532	2022-11-14 13:54:11	9003	34	155	62	1
533	2022-09-26 12:41:14	8128	58	160	60	2
534	2022-08-11 05:23:37	4388	50	56	25	4
535	2022-02-26 18:20:39	4423	32	61	24	5
536	2023-04-30 12:26:29	3862	29	105	41	3
537	2020-01-06 12:11:54	8108	22	79	32	3
538	2022-09-06 22:33:18	3390	82	156	64	3
539	2019-06-20 09:45:26	4959	70	203	81	5
540	2023-01-20 11:34:12	3636	71	6	2	1
541	2022-09-28 04:49:40	8865	99	115	46	3
542	2022-08-14 06:23:20	5991	17	105	41	3
543	2019-07-22 12:50:03	8684	26	178	69	5
544	2018-04-27 23:23:24	3323	7	203	81	3
545	2023-04-01 14:49:11	2075	31	170	67	5
546	2022-11-14 00:26:46	1739	51	59	28	3
547	2019-06-07 20:23:08	4090	74	115	46	2
548	2019-09-10 20:28:48	6602	61	9	6	2
549	2022-05-09 13:29:58	1481	94	208	77	4
550	2023-04-28 14:46:49	4959	70	170	67	5
551	2023-04-25 04:27:08	564	73	115	47	3
552	2023-02-03 15:02:34	3207	57	147	58	5
553	2021-09-25 08:23:55	1704	89	7	4	2
554	2019-09-28 17:32:40	446	15	53	22	4
555	2021-12-12 07:10:41	3323	7	5	5	5
556	2020-09-11 22:23:23	564	73	5	5	2
557	2022-12-23 18:33:32	2947	12	205	80	5
558	2019-11-14 10:41:03	9779	6	178	70	4
559	2021-04-25 15:26:53	2466	2	19	7	4
560	2022-04-29 16:06:02	5947	9	110	39	5
561	2019-07-09 08:31:32	2570	45	178	69	5
562	2021-06-04 16:25:31	2022	41	5	5	2
563	2020-09-17 02:25:51	5952	30	7	4	1
564	2020-04-10 20:54:37	7542	85	61	24	5
565	2020-08-09 20:27:09	4388	50	23	15	1
566	2023-05-28 13:26:58	6431	37	256	95	5
567	2021-07-19 13:12:52	446	15	97	37	1
568	2022-12-06 13:33:51	2867	66	147	58	4
569	2017-01-23 11:33:02	2466	2	52	19	3
570	2020-06-29 15:51:48	1868	25	53	22	5
571	2016-04-21 01:55:21	1739	51	191	74	4
572	2023-02-27 00:05:44	7403	65	253	90	5
573	2023-06-03 03:21:03	2040	14	7	4	1
574	2022-10-01 19:44:52	2176	11	205	80	5
575	2022-11-11 20:23:00	4622	8	160	60	3
576	2022-11-30 13:57:25	4375	55	5	5	4
577	2020-11-21 03:05:45	8108	22	57	26	5
578	2022-05-05 04:24:30	5100	88	110	39	2
579	2021-12-26 12:23:24	1868	25	9	6	1
580	2022-06-29 17:27:04	3299	75	113	45	4
581	2019-09-20 01:25:18	7812	5	61	24	2
582	2020-05-30 04:56:44	2040	14	7	4	1
583	2022-01-08 00:31:29	8268	16	276	100	5
584	2019-03-13 19:49:59	6130	79	272	97	4
585	2023-03-10 05:19:55	7651	44	205	80	2
586	2021-01-16 14:18:14	528	33	105	41	2
587	2021-07-07 13:56:16	8684	26	79	32	4
588	2023-04-12 04:02:12	5384	35	253	90	1
589	2023-06-04 19:09:00	369	93	32	14	3
590	2022-01-23 17:25:41	2310	20	162	59	3
591	2023-03-28 18:59:52	1868	25	130	50	2
592	2019-10-03 21:25:36	4959	70	115	46	2
593	2023-04-04 03:13:01	5384	35	99	33	1
594	2020-09-16 19:20:35	7729	72	261	92	4
595	2021-06-04 17:53:37	5343	90	118	42	5
596	2022-10-08 05:33:05	9779	6	266	99	2
597	2019-07-24 22:22:19	9611	19	178	69	4
598	2023-01-17 20:59:45	2644	1	90	36	2
599	2023-04-07 19:35:22	8020	95	98	34	5
600	2018-05-06 18:07:53	13	24	203	81	2
601	2020-11-15 15:57:08	528	33	105	41	3
602	2018-02-28 07:49:44	2867	66	235	89	1
603	2017-07-02 04:59:51	7542	85	248	91	1
604	2022-07-16 09:57:38	1493	84	148	57	1
605	2020-08-24 10:23:44	1493	84	203	81	3
606	2022-11-05 16:22:50	6660	59	34	17	2
607	2021-12-23 15:06:24	5991	17	116	43	4
608	2022-10-07 10:35:41	5952	30	205	80	1
609	2022-01-19 07:25:37	6460	64	262	96	4
610	2022-11-12 19:30:57	7295	53	148	57	5
611	2023-05-30 02:36:05	369	93	32	14	3
612	2022-08-17 20:41:54	7651	44	205	80	1
613	2017-02-10 04:24:32	1739	51	191	74	4
614	2020-10-04 06:34:52	5384	35	264	93	5
615	2019-08-05 01:45:56	2310	20	261	92	4
616	2022-02-27 09:28:42	7630	81	178	70	5
617	2019-12-16 19:30:25	3236	3	148	57	1
618	2019-02-15 15:47:31	7136	48	236	88	4
619	2017-03-14 02:48:24	9779	6	13	9	2
620	2016-10-27 11:42:13	3070	39	141	52	4
621	2022-10-10 22:13:44	2570	45	13	10	5
622	2022-05-12 09:29:55	1118	92	110	39	5
623	2022-02-08 20:57:31	1739	51	191	75	5
624	2020-08-14 07:47:04	2034	10	67	29	4
625	2020-02-20 07:38:21	9734	52	7	4	2
626	2019-08-25 21:36:49	2466	2	162	59	1
627	2021-06-08 03:17:18	9779	6	156	63	4
628	2019-07-07 18:26:14	9611	19	178	69	5
629	2023-02-16 01:05:31	401	97	235	89	4
630	2020-07-27 04:20:31	4959	70	148	57	2
631	2018-10-21 20:12:04	2075	31	236	88	1
632	2023-04-26 06:50:42	4090	74	203	81	4
633	2022-12-25 17:24:47	8770	18	7	4	2
634	2023-05-15 20:41:19	8020	95	164	61	2
635	2021-04-23 11:47:16	2532	47	151	53	2
636	2020-03-25 22:04:30	619	76	7	4	2
637	2022-10-04 15:33:08	564	73	214	83	4
638	2020-03-08 05:18:32	6647	67	14	11	5
639	2021-05-13 23:43:51	4959	70	236	88	4
640	2022-12-19 00:29:28	8020	95	164	61	3
641	2022-03-07 03:09:19	564	73	148	57	2
642	2020-08-13 21:11:22	5100	88	66	23	1
643	2019-09-22 08:32:32	8684	26	46	21	2
644	2020-04-27 11:42:23	2040	14	7	4	1
645	2023-05-25 13:48:19	1493	84	170	67	2
646	2022-10-14 19:04:09	7812	5	6	2	2
647	2023-04-20 09:29:42	5952	30	205	80	4
648	2023-05-28 15:34:24	6431	37	212	82	5
649	2017-03-11 09:13:48	4328	43	110	38	4
650	2022-10-30 23:37:13	8128	58	6	2	3
651	2023-04-27 06:36:47	2481	100	160	60	2
652	2021-11-24 18:18:53	4419	91	190	73	5
653	2022-07-30 18:01:11	5343	90	118	42	3
654	2023-03-30 04:06:51	2022	41	203	81	1
655	2022-11-26 15:17:32	6460	64	130	50	1
656	2023-02-06 00:33:42	2034	10	89	35	2
657	2023-01-15 14:15:50	2681	68	115	47	4
658	2022-12-06 23:24:43	8770	18	205	80	4
659	2022-11-16 18:54:05	7403	65	110	40	5
660	2023-02-02 12:05:00	7136	48	115	47	5
661	2022-09-13 11:05:53	3636	71	248	91	1
662	2019-09-22 16:07:17	9611	19	46	21	2
663	2021-11-01 12:16:29	2532	47	118	42	5
664	2023-02-04 16:53:00	5343	90	272	98	5
665	2022-05-17 23:36:58	9611	19	200	79	3
666	2022-09-24 21:00:15	3299	75	190	73	1
667	2023-05-14 03:29:33	2416	83	205	80	4
668	2023-05-13 17:05:49	564	73	170	67	4
669	2022-05-27 19:37:41	2867	66	114	48	1
670	2019-07-28 21:51:25	9683	87	178	69	1
671	2019-05-02 04:12:27	1118	92	209	76	4
672	2023-05-24 01:30:38	4419	91	25	16	5
673	2021-08-15 04:39:49	2416	83	7	4	1
674	2023-05-16 10:52:31	237	80	98	34	1
675	2021-04-09 00:24:19	2570	45	156	63	1
676	2023-05-20 09:59:46	237	80	98	34	1
677	2019-07-11 10:55:56	1914	77	191	74	1
678	2018-07-01 05:11:43	8268	16	67	29	2
679	2022-08-29 08:14:47	6024	96	7	4	1
680	2022-10-17 02:12:48	2947	12	205	80	4
681	2023-04-30 21:12:22	5035	54	154	55	2
682	2023-02-22 05:22:53	1914	77	59	28	4
683	2021-07-25 17:58:59	7716	42	30	13	4
684	2022-10-24 23:04:49	1492	98	67	29	2
685	2023-04-13 04:24:33	4622	8	6	2	2
686	2020-05-19 14:41:02	5384	35	209	76	2
687	2020-06-07 11:02:05	6602	61	141	52	3
688	2018-09-04 11:46:04	528	33	248	91	1
689	2021-02-11 23:33:14	2034	10	276	100	1
690	2016-03-27 17:06:02	3070	39	141	52	2
691	2022-11-06 06:00:19	5100	88	154	54	3
692	2023-05-14 00:43:39	369	93	98	34	3
693	2020-03-07 18:03:57	2532	47	162	59	5
694	2023-02-28 21:19:54	7812	5	116	43	3
695	2019-04-28 12:23:04	401	97	191	74	4
696	2021-06-21 02:53:22	8684	26	156	63	2
697	2021-12-01 13:29:20	1407	56	262	96	5
698	2020-07-04 11:06:54	8108	22	46	21	3
699	2020-11-18 19:32:08	7403	65	110	38	3
700	2021-08-26 19:08:48	9683	87	156	63	1
701	2017-11-27 03:27:48	2532	47	261	92	1
702	2019-07-28 08:22:19	1385	60	178	69	3
703	2020-03-25 23:47:47	5384	35	99	33	2
704	2022-02-19 05:55:40	3236	3	115	46	5
705	2022-04-09 14:03:23	8684	26	90	36	3
706	2018-07-30 13:19:45	9779	6	79	31	5
707	2022-12-22 06:42:43	2681	68	115	47	3
708	2020-10-07 22:44:28	6130	79	151	53	5
709	2022-07-28 16:54:25	1407	56	262	96	5
710	2021-10-05 22:27:35	4388	50	155	62	3
711	2019-09-12 12:13:30	4622	8	61	24	1
712	2022-12-14 03:12:40	8770	18	205	80	2
713	2022-09-03 01:40:40	7542	85	6	2	3
714	2021-03-21 18:38:28	2947	12	7	4	3
715	2023-01-04 12:35:59	4622	8	160	60	3
716	2023-03-24 16:17:33	13	24	236	88	1
717	2019-01-25 08:35:01	1739	51	191	74	5
718	2020-07-04 16:23:36	8128	58	105	41	4
719	2019-07-21 11:34:00	6130	79	151	53	2
720	2019-11-27 04:15:44	5704	49	105	41	5
721	2022-01-11 12:28:54	1118	92	66	23	5
722	2023-05-23 19:47:07	237	80	98	34	3
723	2021-12-23 07:31:08	8108	22	13	9	5
724	2022-06-26 07:05:14	8312	13	105	41	5
725	2022-11-22 04:53:12	9003	34	254	94	4
726	2018-12-27 05:43:28	1385	60	13	9	3
727	2021-07-25 01:27:37	478	62	7	4	3
728	2018-12-06 14:19:19	6660	59	23	15	2
729	2022-11-15 02:19:56	528	33	6	2	4
730	2022-10-15 20:24:46	4090	74	5	5	4
731	2021-11-25 04:56:28	564	73	214	83	5
732	2023-05-25 11:45:56	8020	95	32	14	5
733	2023-06-05 00:56:20	7542	85	160	60	5
734	2021-06-04 21:35:12	8312	13	61	24	5
735	2021-09-09 12:50:47	6412	23	214	83	2
736	2020-09-07 16:55:57	1529	28	264	93	2
737	2023-01-31 17:46:57	5947	9	22	8	5
738	2019-06-30 20:36:50	3323	7	203	81	2
739	2022-11-13 03:04:35	5991	17	61	24	3
740	2021-12-21 22:27:55	564	73	214	83	1
741	2022-03-25 06:04:59	1492	98	23	15	1
742	2018-10-13 12:21:24	5100	88	209	76	2
743	2019-04-13 20:03:24	564	73	203	81	5
744	2023-01-15 03:08:52	2416	83	7	4	5
745	2017-12-29 07:47:33	9266	36	129	49	4
746	2020-05-07 21:35:37	7403	65	99	33	5
747	2022-07-28 01:23:41	4622	8	61	24	1
748	2022-10-28 15:38:56	401	97	235	89	2
749	2018-05-14 19:57:40	401	97	235	89	1
750	2020-10-26 06:31:58	2570	45	200	79	3
751	2021-11-18 06:15:20	4959	70	203	81	1
752	2022-11-03 18:01:34	8684	26	46	21	1
753	2021-02-04 02:19:48	7651	44	7	4	3
754	2020-11-29 08:27:13	2022	41	115	46	4
755	2023-02-21 08:43:01	369	93	10	3	3
756	2023-05-29 11:03:43	9234	38	32	14	2
757	2022-11-27 10:49:56	9003	34	254	94	5
758	2023-05-06 10:23:10	1118	92	253	90	2
759	2019-10-02 03:30:13	2310	20	173	65	3
760	2020-01-20 09:29:15	8108	22	79	32	2
761	2022-05-25 06:12:24	4622	8	116	43	2
762	2018-07-06 21:59:42	446	15	53	22	5
763	2022-12-31 15:52:39	2466	2	184	68	5
764	2022-04-20 23:08:48	4328	43	66	23	5
765	2021-01-21 13:03:55	1118	92	264	93	3
766	2022-12-08 16:18:17	1868	25	130	50	5
767	2019-08-17 21:14:30	3636	71	105	41	4
768	2020-06-01 03:03:01	2416	83	7	4	3
769	2022-11-06 15:41:58	6024	96	205	80	5
770	2023-04-22 11:54:24	8289	86	98	34	1
771	2023-05-25 12:53:29	9234	38	98	34	5
772	2019-08-06 08:56:54	9611	19	79	32	5
773	2022-12-08 18:40:18	7542	85	160	60	1
774	2022-11-27 00:02:19	8865	99	115	46	3
775	2020-01-10 23:21:23	7136	48	236	88	5
776	2020-05-19 14:17:12	4375	55	148	57	3
777	2023-04-24 21:38:31	3299	75	146	56	1
778	2017-12-17 18:28:41	564	73	115	46	3
779	2017-10-29 00:13:27	3636	71	248	91	3
780	2023-06-04 23:31:01	5035	54	154	55	5
781	2020-08-21 22:41:54	2075	31	115	46	5
782	2016-12-20 17:27:10	1118	92	242	87	2
783	2018-04-10 11:15:50	8312	13	248	91	2
784	2023-01-13 06:19:43	2176	11	205	80	1
785	2023-05-31 14:06:32	3207	57	114	48	1
786	2023-01-06 18:41:18	4419	91	36	18	2
787	2022-12-15 19:17:37	6460	64	130	50	1
788	2022-09-18 13:29:29	2176	11	205	80	2
789	2023-05-12 18:41:04	6847	40	98	34	2
790	2019-01-16 21:40:03	1213	46	34	17	1
791	2023-04-24 16:01:58	6431	37	146	56	3
792	2023-06-04 16:37:01	369	93	98	34	4
793	2023-05-15 21:13:42	1739	51	213	85	3
794	2021-07-12 04:15:53	13	24	214	83	5
795	2022-12-26 16:20:57	8770	18	205	80	3
796	2021-10-28 15:05:57	1868	25	130	50	3
797	2017-03-11 03:14:57	3236	3	236	88	1
798	2018-03-05 13:35:55	6660	59	188	71	2
799	2021-02-27 16:52:36	3323	7	203	81	1
800	2023-05-10 02:26:53	6130	79	272	98	5
801	2020-08-17 12:03:18	2466	2	261	92	3
802	2023-01-24 23:47:53	7812	5	116	43	2
803	2020-06-25 17:24:31	7403	65	110	38	4
804	2018-09-06 08:31:32	1739	51	235	89	3
805	2023-05-26 20:57:24	2040	14	205	80	1
806	2023-01-18 10:46:05	3953	4	214	83	3
807	2023-02-04 19:41:22	7542	85	160	60	3
808	2023-05-26 17:24:41	1481	94	32	14	5
809	2023-03-19 09:56:48	2947	12	205	80	1
810	2018-04-08 02:06:32	1529	28	110	38	1
811	2020-01-25 18:28:36	9003	34	23	15	1
812	2022-11-22 12:31:31	6431	37	14	12	4
813	2023-04-14 23:31:53	3207	57	147	58	5
814	2021-08-12 14:43:46	3953	4	203	81	2
815	2021-04-19 16:14:03	2040	14	7	4	1
816	2022-09-17 01:27:45	1529	28	110	40	2
817	2021-09-18 07:29:47	8128	58	61	24	2
818	2022-12-20 02:50:50	9779	6	13	10	5
819	2023-03-10 22:33:12	3953	4	214	83	1
820	2019-07-20 03:47:51	9683	87	13	9	5
821	2023-05-02 03:36:29	4328	43	253	90	4
822	2023-05-15 15:08:35	1739	51	213	85	2
823	2023-04-12 21:04:21	564	73	170	67	5
824	2021-03-17 13:28:14	564	73	5	5	4
825	2022-12-27 17:01:14	1704	89	205	80	5
826	2023-03-19 23:31:00	2075	31	115	47	5
827	2023-03-23 07:21:16	4423	32	105	41	5
828	2022-01-11 09:37:40	2466	2	272	97	1
829	2023-06-03 10:14:36	1914	77	213	85	5
830	2021-11-14 08:50:32	7630	81	90	36	2
831	2020-04-02 14:39:45	1481	94	10	3	4
832	2022-12-04 21:03:54	7542	85	105	41	4
833	2023-04-10 01:32:52	4959	70	170	67	4
834	2023-03-16 19:30:30	5100	88	209	76	4
835	2023-03-18 02:34:00	9683	87	90	36	3
836	2023-04-15 08:25:47	7542	85	6	2	1
837	2022-03-01 03:45:36	6647	67	36	18	2
838	2020-02-04 22:26:54	2570	45	79	32	1
839	2023-04-26 07:50:17	564	73	170	67	1
840	2019-06-17 05:36:30	8865	99	236	88	4
841	2017-11-13 01:19:12	446	15	53	22	1
842	2021-05-28 17:47:31	6130	79	19	7	4
843	2022-03-21 12:35:08	8268	16	89	35	4
844	2021-07-02 04:01:58	5952	30	7	4	3
845	2021-01-21 09:03:53	4622	8	61	24	4
846	2021-06-08 16:27:55	1739	51	59	27	2
847	2023-05-25 16:57:44	2176	11	205	80	4
848	2021-11-08 20:17:14	13	24	203	81	5
849	2021-09-12 15:17:42	5343	90	52	20	3
850	2021-12-01 11:54:56	7136	48	5	5	3
851	2022-10-14 17:52:38	8865	99	214	83	5
852	2023-05-17 22:23:22	6024	96	205	80	1
853	2022-10-09 15:56:22	2481	100	6	2	1
854	2023-03-20 18:44:10	3070	39	97	37	5
855	2018-12-21 14:44:08	7136	48	203	81	3
856	2022-11-22 20:27:50	3636	71	6	2	5
857	2019-12-17 02:58:44	5035	54	66	23	4
858	2021-05-22 03:00:18	6660	59	67	29	1
859	2023-05-27 13:11:26	9234	38	32	14	2
860	2016-09-23 01:35:23	6612	69	53	22	1
861	2023-04-06 20:39:34	6847	40	208	77	2
862	2017-03-29 11:28:55	4622	8	248	91	2
863	2021-08-21 19:27:25	2466	2	184	68	3
864	2018-08-20 20:12:45	7295	53	236	88	2
865	2023-04-26 11:55:28	8684	26	13	10	2
866	2020-01-05 15:04:20	4423	32	248	91	4
867	2023-02-09 14:11:04	9266	36	272	98	3
868	2023-01-12 10:11:07	2022	41	115	47	3
869	2021-11-18 19:56:27	1868	25	141	52	1
870	2022-02-07 03:43:26	2644	1	79	32	2
871	2023-05-23 08:11:49	3636	71	116	43	2
872	2019-06-29 09:59:05	9611	19	178	69	4
873	2020-04-21 11:03:25	446	15	141	52	4
874	2023-01-01 12:24:33	6647	67	223	86	2
875	2022-07-21 04:08:24	478	62	7	4	2
876	2021-02-23 07:05:41	7729	72	19	7	4
877	2022-05-18 18:29:41	5100	88	242	87	4
878	2017-11-10 20:22:53	3323	7	236	88	3
879	2023-06-05 05:10:32	9026	27	32	14	4
880	2020-03-03 17:16:31	8770	18	7	4	3
881	2023-04-26 22:15:15	4375	55	170	67	2
882	2020-02-20 19:52:54	6460	64	218	84	1
883	2023-06-01 22:21:14	478	62	205	80	4
884	2019-08-21 06:06:23	5947	9	66	23	3
885	2022-02-04 09:36:50	6460	64	97	37	4
886	2019-02-04 18:01:53	7403	65	99	33	2
887	2022-06-18 06:39:27	3636	71	116	43	4
888	2022-03-27 16:07:14	8770	18	7	4	1
889	2018-10-12 19:01:11	3953	4	203	81	1
890	2018-12-30 18:52:51	2466	2	272	97	2
891	2021-08-28 08:43:01	7403	65	209	76	3
892	2020-11-05 18:08:52	5343	90	52	20	5
893	2016-06-03 23:16:15	1407	56	53	22	3
894	2021-02-22 02:04:40	4622	8	61	24	1
895	2022-03-11 21:59:18	1266	63	10	3	4
896	2017-08-03 06:19:26	9266	36	261	92	3
897	2018-03-13 02:37:51	3636	71	248	91	1
898	2023-05-09 14:52:47	2022	41	115	47	2
899	2021-05-16 03:18:32	564	73	214	83	4
900	2022-07-24 14:55:00	2947	12	7	4	3
901	2023-05-26 16:59:22	9234	38	32	14	3
902	2023-03-12 10:20:33	9683	87	178	70	5
903	2022-12-31 01:40:04	6647	67	113	45	4
904	2022-06-05 15:35:53	4375	55	214	83	4
905	2018-10-06 11:52:59	5384	35	154	54	2
906	2020-08-24 00:08:23	2466	2	30	13	4
907	2019-07-06 16:59:03	3323	7	203	81	5
908	2017-04-16 14:15:04	1914	77	191	74	4
909	2019-12-11 01:47:55	1213	46	23	15	3
910	2021-03-28 20:17:40	9026	27	208	77	5
911	2022-08-03 19:02:08	8268	16	111	44	4
912	2023-05-09 14:11:33	6130	79	19	7	4
913	2019-12-30 03:52:58	3323	7	5	5	3
914	2019-07-30 04:01:13	2644	1	178	69	5
915	2022-11-14 18:37:54	7295	53	5	5	1
916	2019-07-03 20:56:55	8684	26	178	69	5
917	2021-12-08 05:15:49	13	24	214	83	1
918	2023-05-07 07:54:19	2022	41	170	67	5
919	2023-06-01 09:13:48	5947	9	264	93	1
920	2020-06-27 21:52:53	13	24	236	88	4
921	2022-01-24 01:25:00	4328	43	209	76	1
922	2019-11-23 02:46:22	3070	39	53	22	5
923	2022-09-23 08:57:41	7403	65	110	40	1
924	2021-01-12 05:09:51	2681	68	5	5	2
925	2019-10-04 15:31:42	1481	94	10	3	2
926	2021-08-21 22:53:49	2022	41	203	81	1
927	2022-10-12 19:53:59	4388	50	67	29	5
928	2022-11-30 16:01:46	5952	30	205	80	1
929	2019-07-22 21:20:28	8865	99	236	88	5
930	2021-12-23 20:19:11	446	15	9	6	5
931	2020-02-07 02:45:22	446	15	53	22	4
932	2017-12-20 01:23:24	5947	9	242	87	2
933	2018-05-14 09:28:54	5343	90	129	49	3
934	2022-05-23 11:57:07	7651	44	7	4	2
935	2020-04-16 07:52:06	446	15	53	22	1
936	2022-02-19 10:53:42	4959	70	5	5	5
937	2022-11-12 15:30:28	2176	11	205	80	1
938	2023-05-30 16:52:06	6847	40	32	14	2
939	2021-03-23 17:04:38	3636	71	105	41	3
940	2022-12-15 00:14:06	2310	20	184	68	3
941	2023-03-30 03:04:55	8865	99	115	47	4
942	2023-05-28 23:09:22	7729	72	118	42	2
943	2022-12-22 03:31:02	2416	83	205	80	5
944	2022-08-12 13:34:47	4622	8	116	43	1
945	2020-09-28 01:51:58	7651	44	7	4	5
946	2022-09-15 23:51:51	2481	100	116	43	2
947	2022-04-27 07:38:40	4090	74	5	5	4
948	2022-01-31 01:16:09	1739	51	147	58	5
949	2021-12-26 20:14:06	6647	67	36	18	1
950	2020-09-25 00:56:05	6847	40	208	77	2
951	2023-04-09 08:11:11	237	80	98	34	2
952	2022-09-16 11:18:05	1704	89	205	80	4
953	2023-04-11 02:09:29	3070	39	9	6	2
954	2022-08-17 16:16:49	2644	1	13	10	5
955	2023-03-03 17:04:54	4419	91	14	12	3
956	2022-10-02 21:08:54	9779	6	156	64	5
957	2022-05-30 04:20:38	564	73	115	46	3
958	2022-12-03 04:40:26	2176	11	205	80	2
959	2021-02-13 08:55:32	4423	32	61	24	1
960	2020-09-03 02:27:14	1493	84	5	5	2
961	2021-01-04 02:23:00	1481	94	10	3	4
962	2022-12-28 21:07:16	2310	20	129	49	3
963	2022-08-28 00:57:01	7630	81	13	10	1
964	2023-03-30 04:23:57	401	97	235	89	4
965	2020-01-31 05:52:05	1492	98	199	78	5
966	2021-12-20 02:09:59	564	73	115	46	5
967	2021-02-24 00:43:16	619	76	7	4	1
968	2020-06-08 09:56:59	1739	51	59	27	3
969	2020-12-13 06:06:27	8770	18	7	4	2
970	2019-11-20 01:44:44	8289	86	208	77	5
971	2022-01-19 22:47:39	8312	13	105	41	5
972	2022-03-10 19:39:07	2022	41	148	57	1
973	2020-08-18 00:03:26	7651	44	7	4	1
974	2023-01-21 01:59:28	8108	22	57	26	1
975	2021-08-10 01:08:06	2034	10	89	35	3
976	2022-11-23 17:07:02	1704	89	205	80	5
977	2022-10-09 17:15:40	2176	11	7	4	1
978	2022-09-05 02:27:54	4423	32	6	2	5
979	2020-07-09 06:45:00	3953	4	5	5	2
980	2022-01-18 23:49:01	8865	99	214	83	5
981	2023-04-20 05:44:01	8289	86	98	34	3
982	2022-01-27 18:51:00	8312	13	105	41	1
983	2023-03-02 14:12:36	4388	50	56	25	4
984	2021-01-21 07:50:39	2040	14	7	4	3
985	2023-05-21 11:21:28	2022	41	170	67	4
986	2021-09-24 14:32:40	9734	52	7	4	2
987	2022-12-22 09:03:19	2416	83	205	80	2
988	2022-04-10 09:05:53	1118	92	11	1	1
989	2019-05-12 18:07:10	1481	94	10	3	4
990	2020-07-18 11:58:17	5952	30	7	4	2
991	2021-03-15 09:52:41	675	21	209	76	3
992	2020-11-21 07:53:33	3070	39	9	6	3
993	2023-05-30 23:36:38	8020	95	32	14	1
994	2023-02-21 20:29:45	4423	32	105	41	5
995	2020-10-19 14:16:11	7729	72	173	65	4
996	2023-02-05 06:40:36	2176	11	7	4	5
997	2021-10-19 08:53:38	3070	39	262	96	4
998	2021-04-24 21:01:02	1739	51	59	27	2
999	2018-09-23 15:12:09	6660	59	67	29	1
1000	2022-11-14 06:44:01	4388	50	56	25	5
1001	2023-04-30 18:30:55	4622	8	248	91	5
1002	2023-05-09 13:58:30	3390	82	13	10	3
1003	2019-05-12 20:13:40	9026	27	10	3	4
1004	2016-11-14 08:53:41	7136	48	236	88	2
1005	2020-07-15 03:44:54	1914	77	191	75	2
1006	2022-12-03 05:45:08	9779	6	90	36	1
1007	2023-04-21 06:28:21	1493	84	170	67	4
1008	2018-01-30 05:22:31	3390	82	79	31	2
1009	2022-09-17 18:08:30	2176	11	205	80	2
1010	2021-09-22 18:05:48	5343	90	19	7	3
1011	2018-06-20 08:10:28	3236	3	115	46	1
1012	2019-09-12 09:46:53	3299	75	223	86	4
1013	2022-11-09 23:04:01	8684	26	266	99	2
1014	2022-10-03 11:25:49	3862	29	6	2	1
1015	2019-08-05 09:05:05	3862	29	248	91	2
1016	2018-06-19 18:43:52	2570	45	79	31	5
1017	2015-07-17 22:42:13	5343	90	30	13	3
1018	2022-12-18 03:43:22	6412	23	115	47	4
1019	2020-02-22 10:09:48	6130	79	272	97	3
1020	2022-09-07 05:32:43	9734	52	205	80	1
1021	2023-06-05 22:54:43	6412	23	170	67	2
1022	2020-04-20 09:34:53	8289	86	208	77	1
1023	2019-11-27 18:01:20	13	24	148	57	4
1024	2016-09-22 18:09:55	564	73	236	88	5
1025	2023-05-18 10:50:31	6431	37	36	18	5
1026	2019-09-22 16:11:16	7295	53	148	57	2
1027	2018-12-25 18:56:23	3323	7	203	81	2
1028	2023-05-27 12:27:31	9026	27	32	14	4
1029	2021-08-17 15:01:54	4622	8	248	91	2
1030	2022-04-11 11:26:49	9734	52	7	4	5
1031	2022-07-20 09:34:51	6130	79	118	42	2
1032	2023-03-01 02:42:24	3390	82	13	10	3
1033	2018-10-05 18:18:29	6460	64	141	52	3
1034	2020-04-28 21:53:29	3323	7	236	88	3
1035	2021-10-29 03:54:54	2867	66	59	27	4
1036	2022-11-22 04:20:47	9683	87	266	99	1
1037	2022-07-09 02:03:53	3862	29	116	43	4
1038	2021-12-22 00:23:56	1493	84	5	5	4
1039	2022-12-28 11:18:00	9683	87	266	99	5
1040	2019-10-24 01:33:58	8268	16	111	44	4
1041	2023-04-10 18:24:21	2681	68	115	47	3
1042	2017-07-01 23:31:54	2466	2	52	19	4
1043	2020-12-03 12:17:19	1868	25	141	52	2
1044	2022-12-09 15:59:44	5704	49	6	2	5
1045	2021-04-26 08:09:54	237	80	10	3	2
1046	2019-12-25 11:56:59	8865	99	148	57	4
1047	2021-08-07 10:08:28	3862	29	105	41	2
1048	2022-08-31 18:39:56	3207	57	114	48	1
1049	2023-05-24 18:25:34	2310	20	272	98	4
1050	2022-07-24 05:31:36	8312	13	160	60	1
1051	2019-07-12 09:43:05	9003	34	188	72	1
1052	2023-05-11 22:20:44	2466	2	272	98	2
1053	2023-06-01 18:33:32	1481	94	32	14	2
1054	2023-03-22 13:37:34	6024	96	205	80	2
1055	2021-07-18 17:53:23	6130	79	19	7	2
1056	2022-07-23 14:08:31	7295	53	203	81	3
1057	2019-08-20 01:13:43	528	33	248	91	5
1058	2022-04-22 05:19:01	8865	99	236	88	2
1059	2023-04-06 17:01:26	4388	50	56	25	3
1060	2016-03-12 02:36:40	7729	72	272	97	2
1061	2023-04-25 12:21:25	564	73	170	67	5
1062	2020-02-13 00:40:45	2947	12	7	4	2
1063	2021-02-22 02:33:27	2310	20	19	7	2
1064	2016-07-09 22:33:32	7729	72	52	19	1
1065	2019-12-29 06:20:46	4090	74	203	81	1
1066	2022-10-29 03:03:02	4419	91	146	56	1
1067	2016-09-19 11:51:01	3862	29	248	91	2
1068	2017-07-08 01:08:28	5991	17	248	91	1
1069	2016-07-02 09:35:06	2466	2	272	97	5
1070	2023-05-31 05:05:10	1266	63	32	14	1
1071	2023-03-11 00:47:59	6460	64	262	96	4
1072	2018-11-25 06:23:06	675	21	88	30	3
1073	2023-06-05 07:18:02	1481	94	32	14	4
1074	2020-06-15 10:58:00	5947	9	264	93	3
1075	2022-09-28 02:00:03	6024	96	205	80	2
1076	2017-07-23 23:24:06	401	97	114	48	5
1077	2018-12-24 10:47:56	3323	7	236	88	3
1078	2023-04-27 21:56:19	1118	92	253	90	4
1079	2022-11-21 13:01:00	2040	14	205	80	2
1080	2020-10-13 19:38:58	8268	16	276	100	4
1081	2021-11-06 00:01:02	3323	7	214	83	2
1082	2020-05-29 07:03:43	3236	3	236	88	3
1083	2023-05-28 16:08:33	6847	40	32	14	1
1084	2022-07-16 16:21:34	8865	99	148	57	4
1085	2020-02-16 07:55:58	1868	25	9	6	4
1086	2023-05-02 10:53:48	9234	38	98	34	1
1087	2023-01-31 09:45:52	478	62	205	80	4
1088	2017-06-11 09:40:30	6412	23	236	88	5
1089	2023-04-08 14:46:15	7136	48	115	47	4
1090	2015-12-21 11:30:41	3299	75	223	86	2
1091	2023-04-23 06:09:55	1493	84	170	67	2
1092	2022-02-15 19:33:13	6612	69	141	52	5
1093	2019-12-24 05:27:35	2022	41	148	57	5
1094	2022-12-23 07:32:43	401	97	59	28	1
1095	2021-03-03 01:04:54	6660	59	254	94	2
1096	2020-05-29 15:27:23	7716	42	162	59	3
1097	2023-01-29 02:10:42	2532	47	272	98	3
1098	2022-04-25 08:51:45	4622	8	6	2	1
1099	2021-07-10 20:19:24	5100	88	264	93	3
1100	2022-05-03 23:48:50	2022	41	5	5	3
1101	2019-06-30 23:35:13	4622	8	105	41	1
1102	2023-01-24 07:00:51	8020	95	164	61	4
1103	2020-09-22 17:32:22	6412	23	148	57	1
1104	2022-09-13 21:49:57	9003	34	56	25	5
1105	2020-08-18 00:40:21	401	97	191	75	1
1106	2019-07-22 14:02:53	7136	48	203	81	5
1107	2022-12-29 14:15:45	2644	1	13	10	2
1108	2020-02-10 10:34:23	237	80	10	3	3
1109	2020-04-30 09:42:31	2075	31	148	57	4
1110	2019-11-25 06:04:45	2310	20	52	20	5
1111	2020-01-08 07:54:24	6847	40	208	77	3
1112	2022-06-20 02:31:45	9611	19	13	9	1
1113	2019-12-23 20:59:29	1739	51	235	89	3
1114	2018-03-07 16:34:31	9683	87	79	31	3
1115	2021-05-09 11:36:05	5947	9	88	30	4
1116	2023-01-08 16:08:14	4423	32	160	60	1
1117	2022-08-06 02:05:56	369	93	164	61	4
1118	2023-04-22 15:56:24	478	62	205	80	2
1119	2019-10-30 06:56:57	9779	6	178	70	5
1120	2019-12-18 18:12:01	9026	27	10	3	3
1121	2019-09-04 04:52:46	3236	3	203	81	3
1122	2023-04-05 19:47:36	564	73	214	83	1
1123	2019-08-26 21:28:13	8312	13	248	91	3
1124	2016-05-19 09:38:26	8108	22	13	9	1
1125	2023-03-22 04:06:54	7812	5	6	2	5
1126	2023-06-05 21:57:20	5947	9	110	40	5
1127	2020-02-23 16:03:08	3953	4	115	46	2
1128	2023-04-26 16:17:45	675	21	264	93	4
1129	2020-04-15 09:40:48	1868	25	9	6	1
1130	2023-01-12 12:58:17	1868	25	9	6	4
1131	2023-03-14 17:52:27	478	62	205	80	4
1132	2022-05-08 14:41:32	7295	53	148	57	3
1133	2018-10-24 02:10:08	5384	35	110	38	3
1134	2023-06-02 17:00:10	8020	95	32	14	3
1135	2023-05-30 23:41:37	369	93	32	14	5
1136	2022-09-15 13:25:00	2947	12	205	80	2
1137	2020-06-17 10:43:24	6412	23	203	81	5
1138	2019-08-09 06:28:15	1118	92	11	1	4
1139	2022-06-27 11:34:45	2644	1	178	70	3
1140	2021-05-23 11:24:39	2022	41	115	46	3
1141	2023-05-25 03:26:53	7716	42	272	98	1
1142	2022-07-11 12:20:16	2644	1	156	64	5
1143	2019-05-23 04:31:19	2022	41	148	57	4
1144	2021-03-26 03:19:20	9734	52	7	4	5
1145	2020-11-18 07:37:38	8865	99	203	81	5
1146	2022-07-25 18:34:14	2075	31	5	5	1
1147	2023-02-13 09:52:29	2310	20	19	7	2
1148	2019-06-02 18:00:12	6647	67	36	18	2
1149	2022-09-08 04:09:06	8289	86	164	61	5
1150	2016-04-05 17:28:50	5343	90	30	13	1
1151	2020-09-30 17:20:33	2644	1	46	21	2
1152	2020-02-26 19:02:10	1492	98	276	100	4
1153	2022-07-01 00:47:05	9779	6	46	21	2
1154	2022-12-23 00:05:28	6647	67	256	95	1
1155	2019-03-10 12:20:59	9026	27	208	77	5
1156	2019-07-22 06:22:50	4388	50	34	17	5
1157	2021-06-27 09:50:42	9683	87	156	63	5
1158	2021-12-21 10:51:28	1529	28	66	23	3
1159	2023-04-05 06:48:11	8268	16	276	100	2
1160	2021-03-06 04:37:01	9234	38	10	3	1
1161	2019-03-24 23:07:10	8865	99	115	46	3
1162	2023-05-03 12:59:25	2681	68	170	67	4
1163	2023-05-27 05:34:16	1266	63	32	14	5
1164	2021-08-07 14:51:41	13	24	5	5	2
1165	2022-04-27 18:03:19	2947	12	7	4	1
1166	2020-03-23 02:41:45	9699	78	162	59	1
1167	2022-12-26 05:23:23	7651	44	205	80	1
1168	2022-08-21 23:00:32	6024	96	7	4	5
1169	2020-09-29 23:41:15	1739	51	235	89	5
1170	2023-05-16 06:02:26	1481	94	98	34	5
1171	2020-02-17 02:46:14	1704	89	7	4	2
1172	2018-08-11 00:11:04	3953	4	115	46	1
1173	2021-03-07 04:12:11	6602	61	218	84	3
1174	2022-11-24 16:42:29	6647	67	113	45	5
1175	2020-05-10 04:16:08	9683	87	178	70	4
1176	2021-10-31 05:28:23	5704	49	61	24	1
1177	2022-09-04 13:49:54	7651	44	205	80	3
1178	2021-02-24 10:52:34	9683	87	156	63	3
1179	2022-12-22 08:04:06	1704	89	7	4	3
1180	2019-05-21 01:48:16	528	33	61	24	3
1181	2023-05-31 00:47:43	2034	10	199	78	5
1182	2019-08-12 02:13:12	2310	20	151	53	1
1183	2022-10-03 23:58:20	1739	51	59	28	4
1184	2023-05-23 01:31:21	3236	3	5	5	2
1185	2022-02-21 23:51:40	3953	4	214	83	2
1186	2021-08-19 18:30:08	4090	74	214	83	5
1187	2019-11-12 08:02:05	5343	90	184	68	4
1188	2021-11-20 14:50:34	3299	75	223	86	4
1189	2023-01-21 19:45:28	9734	52	205	80	2
1190	2021-10-14 11:42:13	8128	58	105	41	5
1191	2023-03-29 11:44:13	2022	41	5	5	5
1192	2022-01-30 19:26:25	369	93	164	61	4
1193	2020-02-09 14:36:57	4375	55	203	81	5
1194	2020-05-14 04:40:18	675	21	66	23	2
1195	2023-04-15 14:20:49	6130	79	272	98	3
1196	2022-09-11 23:03:19	8108	22	266	99	3
1197	2021-11-30 14:43:33	2022	41	115	46	3
1198	2022-04-23 12:57:24	6660	59	23	15	2
1199	2023-05-28 10:40:54	369	93	32	14	2
1200	2023-06-01 00:26:19	237	80	98	34	4
1201	2022-02-23 11:09:07	446	15	262	96	1
1202	2021-07-18 00:43:26	6660	59	276	100	4
1203	2023-02-10 13:58:53	1868	25	262	96	1
1204	2022-08-23 16:30:51	4959	70	5	5	1
1205	2020-09-15 05:35:20	2481	100	248	91	2
1206	2022-08-11 17:03:45	2310	20	52	20	5
1207	2016-04-27 08:39:46	6130	79	261	92	1
1208	2022-05-06 01:12:51	6847	40	164	61	1
1209	2021-12-04 05:04:35	2466	2	118	42	3
1210	2019-04-06 20:17:41	2310	20	272	97	1
1211	2019-03-05 09:25:01	4419	91	14	11	3
1212	2023-05-28 00:19:12	4622	8	116	43	2
1213	2023-01-10 14:18:40	13	24	214	83	2
1214	2019-02-05 23:42:09	8020	95	208	77	5
1215	2022-09-11 00:08:25	675	21	22	8	4
1216	2020-11-29 14:19:51	2947	12	7	4	2
1217	2021-08-16 18:56:12	369	93	10	3	4
1218	2021-02-26 14:22:10	1213	46	155	62	1
1219	2020-06-23 23:57:37	369	93	10	3	5
1220	2023-03-28 18:02:34	5991	17	116	43	2
1221	2022-03-21 22:43:29	5384	35	110	38	2
1222	2023-05-27 22:14:23	1266	63	32	14	2
1223	2022-04-14 18:03:12	5100	88	110	39	3
1224	2023-06-05 03:09:06	1914	77	213	85	3
1225	2022-07-24 03:03:44	1529	28	88	30	2
1226	2023-04-06 20:32:49	5035	54	253	90	4
1227	2019-09-23 06:14:18	4959	70	115	46	4
1228	2021-08-10 19:45:29	401	97	235	89	2
1229	2022-03-20 22:51:06	7716	42	151	53	2
1230	2021-01-02 22:52:22	3390	82	13	9	2
1231	2023-04-28 15:41:14	2075	31	170	67	1
1232	2022-08-17 00:23:35	2176	11	205	80	4
1233	2022-09-18 03:03:49	2947	12	205	80	5
1234	2023-04-25 23:43:49	1385	60	156	64	1
1235	2022-03-07 07:27:09	369	93	164	61	2
1236	2022-06-08 11:50:49	8312	13	116	43	5
1237	2022-02-13 23:16:29	9234	38	164	61	2
1238	2016-12-31 10:12:06	9003	34	111	44	4
1239	2023-01-23 08:47:17	7403	65	253	90	5
1240	2023-05-21 13:39:22	4622	8	160	60	5
1241	2021-05-21 19:19:49	6647	67	14	11	4
1242	2023-05-14 16:37:39	8289	86	98	34	4
1243	2016-11-16 10:42:36	446	15	218	84	2
1244	2022-05-08 16:20:50	1529	28	110	39	3
1245	2023-03-20 04:44:18	8128	58	160	60	5
1246	2021-03-26 21:30:13	6460	64	262	96	1
1247	2023-04-19 16:36:30	369	93	164	61	2
1248	2022-08-19 10:53:18	5952	30	205	80	3
1249	2019-11-06 07:42:36	9683	87	13	9	3
1250	2015-11-04 15:40:09	5343	90	52	19	5
1251	2022-10-12 17:06:20	8865	99	236	88	4
1252	2020-03-17 00:26:12	564	73	148	57	1
1253	2023-05-13 13:45:14	1266	63	98	34	4
1254	2021-05-06 07:53:16	528	33	105	41	2
1255	2022-05-10 03:16:14	3323	7	148	57	3
1256	2022-05-29 05:04:45	7403	65	110	40	4
1257	2022-11-29 13:24:25	6612	69	97	37	3
1258	2022-04-16 00:27:51	528	33	61	24	5
1259	2023-05-25 19:00:58	1481	94	32	14	5
1260	2023-03-30 20:04:18	4423	32	116	43	4
1261	2016-06-01 02:46:06	2310	20	272	97	2
1262	2020-01-08 15:48:05	6412	23	203	81	5
1263	2019-09-03 15:23:21	6602	61	53	22	1
1264	2018-09-27 22:08:15	2075	31	203	81	5
1265	2018-08-02 23:46:12	675	21	154	54	2
1266	2015-12-28 21:25:18	2644	1	200	79	4
1267	2018-09-15 22:14:48	7716	42	52	20	1
1268	2019-08-22 07:28:37	7729	72	52	20	2
1269	2023-02-06 08:24:30	8289	86	10	3	4
1270	2019-12-20 14:08:20	4959	70	5	5	5
1271	2020-11-25 14:33:16	2644	1	57	26	4
1272	2023-05-29 09:37:57	237	80	98	34	4
1273	2023-02-15 06:23:04	7630	81	13	10	1
1274	2022-10-16 05:23:01	4622	8	105	41	4
1275	2016-07-22 14:30:40	401	97	191	74	4
1276	2022-03-03 19:11:20	7630	81	13	9	1
1277	2023-02-17 15:32:33	9699	78	261	92	5
1278	2022-01-13 07:12:46	6460	64	53	22	4
1279	2017-06-25 07:59:11	5384	35	110	38	5
1280	2021-03-18 08:16:59	4388	50	254	94	5
1281	2022-12-03 12:35:40	3236	3	203	81	4
1282	2022-08-21 20:27:34	8268	16	56	25	4
1283	2020-05-09 09:23:28	9683	87	13	9	2
1284	2021-08-09 14:33:45	7716	42	118	42	2
1285	2022-04-24 03:31:48	5343	90	52	20	5
1286	2022-10-24 08:00:44	8865	99	5	5	1
1287	2023-05-31 00:37:35	8289	86	32	14	4
1288	2023-04-27 19:27:45	9734	52	205	80	3
1289	2022-01-23 19:48:50	3299	75	212	82	4
1290	2023-06-03 04:51:07	6847	40	32	14	5
1291	2023-04-15 22:24:59	2532	47	184	68	1
1292	2016-04-26 11:47:48	3070	39	141	52	2
1293	2023-04-11 06:10:20	3299	75	14	12	2
1294	2022-11-16 17:17:43	478	62	205	80	1
1295	2019-07-06 05:58:20	7729	72	162	59	5
1296	2019-11-20 04:46:55	5947	9	154	54	4
1297	2021-02-26 12:37:01	2176	11	7	4	1
1298	2022-02-09 20:26:58	3862	29	116	43	5
1299	2020-12-04 17:09:11	401	97	191	75	4
1300	2020-10-19 16:38:05	1266	63	10	3	5
1301	2021-03-13 00:02:52	5343	90	261	92	3
1302	2019-10-29 04:10:11	675	21	88	30	2
1303	2018-02-17 11:40:35	7716	42	52	20	2
1304	2023-02-07 00:31:41	1529	28	253	90	1
1305	2023-04-24 14:26:33	6024	96	7	4	5
1306	2022-07-18 16:57:48	237	80	164	61	4
1307	2022-04-29 22:15:32	6412	23	236	88	4
1308	2022-11-07 10:02:44	6024	96	205	80	1
1309	2016-04-05 11:51:53	2310	20	272	97	2
1310	2016-12-28 13:04:11	3070	39	218	84	4
1311	2021-10-02 17:45:31	8770	18	7	4	5
1312	2021-12-29 19:24:21	1739	51	147	58	1
1313	2023-02-06 15:29:13	8865	99	115	47	5
1314	2020-07-03 12:53:43	369	93	10	3	2
1315	2021-07-08 01:03:21	8289	86	208	77	3
1316	2023-02-21 09:14:08	6130	79	118	42	4
1317	2022-09-14 19:14:57	4622	8	6	2	1
1318	2022-03-22 23:57:07	4328	43	110	38	4
1319	2018-09-12 18:11:22	6130	79	52	20	3
1320	2023-03-20 12:53:19	4622	8	160	60	2
1321	2022-04-24 00:58:13	5991	17	116	43	2
1322	2017-01-09 14:27:44	564	73	236	88	2
1323	2020-09-15 19:28:28	2681	68	115	46	3
1324	2018-06-06 07:12:11	1493	84	115	46	2
1325	2020-05-20 06:40:00	7630	81	178	70	1
1326	2018-06-11 16:29:11	8268	16	111	44	5
1327	2022-10-14 10:22:44	9734	52	205	80	3
1328	2017-07-20 04:18:14	3299	75	14	11	2
1329	2021-04-07 00:02:45	478	62	7	4	4
1330	2023-02-14 09:54:30	619	76	205	80	4
1331	2022-01-24 12:46:08	7812	5	248	91	1
1332	2020-12-13 18:24:03	5991	17	105	41	4
1333	2018-06-11 11:49:43	8108	22	79	31	4
1334	2022-02-13 16:12:30	3953	4	214	83	3
1335	2021-01-02 23:13:16	7729	72	52	20	3
1336	2020-08-21 00:24:39	478	62	7	4	5
1337	2022-10-29 22:29:16	2176	11	205	80	4
1338	2021-11-19 14:33:11	8108	22	90	36	2
1339	2022-11-22 02:51:41	8128	58	160	60	3
1340	2023-05-01 08:18:28	1914	77	147	58	3
1341	2021-09-28 03:35:34	3070	39	9	6	1
1342	2022-12-21 09:13:35	4959	70	115	47	1
1343	2022-03-28 03:55:24	8865	99	148	57	2
1344	2021-01-27 21:39:04	2681	68	236	88	3
1345	2023-01-26 21:47:36	7651	44	205	80	2
1346	2021-08-09 00:23:11	1492	98	89	35	4
1347	2021-02-19 16:57:13	6024	96	7	4	2
1348	2022-09-08 09:54:54	4419	91	223	86	4
1349	2020-01-21 05:17:08	446	15	9	6	1
1350	2022-10-17 23:13:32	4328	43	209	76	2
1351	2019-01-16 10:41:06	7729	72	261	92	3
1352	2022-11-30 14:35:56	8865	99	203	81	1
1353	2023-03-15 11:46:45	7403	65	253	90	4
1354	2019-09-22 17:43:47	7630	81	13	9	5
1355	2023-04-17 08:04:09	1492	98	254	94	2
1356	2022-10-19 03:01:24	2644	1	200	79	3
1357	2019-10-07 22:10:00	5947	9	209	76	2
1358	2021-10-12 01:53:29	4388	50	89	35	3
1359	2020-02-06 03:40:27	6602	61	9	6	2
1360	2020-10-27 20:32:17	5384	35	11	1	2
1361	2019-09-02 10:48:44	3636	71	105	41	1
1362	2021-09-02 18:25:52	3207	57	235	89	2
1363	2023-04-07 13:46:24	5704	49	160	60	4
1364	2020-10-08 09:55:43	6024	96	7	4	5
1365	2023-06-02 10:29:07	5384	35	154	55	2
1366	2023-01-29 00:13:16	1407	56	130	50	5
1367	2018-11-02 04:00:10	5035	54	110	38	5
1368	2022-06-06 11:55:00	1481	94	208	77	1
1369	2022-02-07 17:45:52	478	62	7	4	3
1370	2020-10-12 10:57:55	8020	95	208	77	4
1371	2022-01-03 19:11:25	7136	48	214	83	5
1372	2022-11-08 23:44:10	1868	25	262	96	1
1373	2023-05-04 01:07:14	5704	49	6	2	1
1374	2023-01-20 19:17:13	4959	70	115	47	3
1375	2021-08-13 07:03:27	4622	8	248	91	5
1376	2022-10-13 14:31:57	4959	70	203	81	5
1377	2023-02-24 22:17:06	1868	25	97	37	3
1378	2022-01-31 16:37:39	7542	85	61	24	3
1379	2022-10-08 05:26:56	9779	6	57	26	3
1380	2022-01-06 00:40:41	8108	22	57	26	2
1381	2023-05-28 00:00:42	3299	75	25	16	1
1382	2020-01-09 17:37:17	3323	7	148	57	2
1383	2019-03-09 16:21:35	5704	49	61	24	5
1384	2021-05-16 11:56:41	8770	18	7	4	3
1385	2022-03-03 11:33:54	1739	51	147	58	2
1386	2023-03-22 09:01:47	4388	50	56	25	5
1387	2023-01-13 12:30:40	7136	48	148	57	5
1388	2015-09-19 12:19:17	9699	78	129	49	5
1389	2023-01-15 09:46:48	2040	14	205	80	3
1390	2022-01-04 06:00:55	2532	47	151	53	3
1391	2021-12-13 18:35:14	6612	69	130	50	3
1392	2022-01-07 14:40:38	3207	57	59	27	1
1393	2019-06-14 03:18:49	3299	75	36	18	3
1394	2018-10-28 15:10:03	1493	84	115	46	1
1395	2020-02-28 05:40:41	5704	49	61	24	4
1396	2022-12-16 20:06:12	5947	9	99	33	4
1397	2021-10-15 14:51:22	1868	25	53	22	1
1398	2022-12-11 05:41:33	3323	7	214	83	4
1399	2023-04-06 17:34:13	3862	29	160	60	2
1400	2022-08-17 19:55:21	675	21	110	40	2
1401	2022-09-30 10:21:53	9003	34	254	94	2
1402	2022-01-06 13:30:25	2310	20	118	42	4
1403	2022-05-31 05:56:29	7716	42	162	59	5
1404	2022-11-09 18:57:25	6024	96	205	80	1
1405	2020-01-12 14:24:56	7295	53	115	46	3
1406	2018-01-15 05:46:06	675	21	154	54	1
1407	2022-12-08 12:50:22	4423	32	116	43	5
1408	2017-02-06 03:58:22	446	15	53	22	5
1409	2022-12-19 22:21:28	237	80	164	61	2
1410	2015-11-08 15:05:04	8108	22	200	79	1
1411	2020-03-17 06:22:18	2310	20	52	20	5
1412	2016-02-17 12:27:34	9611	19	13	9	1
1413	2021-12-05 17:35:34	3070	39	218	84	5
1414	2023-02-18 15:50:33	4419	91	256	95	3
1415	2021-04-14 14:17:21	8770	18	7	4	4
1416	2018-03-04 08:26:14	564	73	115	46	4
1417	2022-12-10 19:38:26	9779	6	90	36	2
1418	2023-04-07 13:39:52	6460	64	130	50	4
1419	2023-06-02 22:47:27	2867	66	213	85	5
1420	2015-11-12 20:31:17	1118	92	22	8	3
1421	2022-08-20 07:59:33	7729	72	30	13	2
1422	2022-11-26 08:29:23	8684	26	266	99	1
1423	2022-04-19 12:16:09	5947	9	264	93	4
1424	2021-10-04 22:14:23	2681	68	148	57	2
1425	2022-09-14 01:19:39	7812	5	61	24	2
1426	2018-10-06 20:02:44	9683	87	79	32	3
1427	2022-11-04 18:08:47	2034	10	56	25	2
1428	2022-04-28 01:11:58	2022	41	214	83	1
1429	2021-09-30 21:08:58	8312	13	248	91	2
1430	2023-02-04 19:45:05	3636	71	160	60	2
1431	2022-07-29 07:47:24	7812	5	105	41	5
1432	2019-05-12 15:04:10	4328	43	22	8	3
1433	2022-03-20 00:28:47	2022	41	5	5	3
1434	2020-11-22 05:07:15	6660	59	276	100	1
1435	2019-10-22 01:57:59	9683	87	167	66	5
1436	2022-01-20 19:21:51	8108	22	167	66	1
1437	2023-04-24 19:07:57	8289	86	98	34	3
1438	2020-04-23 07:37:23	4423	32	105	41	1
1439	2018-09-16 09:43:45	4959	70	236	88	4
1440	2019-10-13 17:32:50	7136	48	115	46	1
1441	2021-08-14 23:33:59	4375	55	5	5	1
1442	2023-02-13 00:10:28	2947	12	205	80	2
1443	2020-03-26 21:46:47	4375	55	5	5	3
1444	2022-09-30 04:27:08	9234	38	164	61	1
1445	2019-07-21 20:40:52	8108	22	178	69	4
1446	2023-03-09 01:45:35	7651	44	205	80	3
1447	2022-06-16 23:06:07	9234	38	164	61	2
1448	2021-10-08 10:00:43	478	62	7	4	5
1449	2022-10-14 02:57:53	1385	60	178	70	5
1450	2017-10-12 02:46:56	1407	56	53	22	4
1451	2023-05-02 18:25:06	4328	43	253	90	5
1452	2023-06-02 21:14:10	6602	61	130	50	1
1453	2022-05-23 00:30:55	1407	56	130	50	3
1454	2021-07-18 07:44:46	6460	64	97	37	5
1455	2023-04-26 15:10:18	369	93	98	34	5
1456	2019-04-14 18:00:18	369	93	208	77	5
1457	2020-03-09 06:27:36	3953	4	203	81	2
1458	2019-07-12 10:53:07	2681	68	115	46	3
1459	2022-04-29 12:58:09	5704	49	61	24	2
1460	2018-02-12 06:32:22	5343	90	52	20	4
1461	2019-09-04 14:11:09	5343	90	151	53	2
1462	2021-03-26 09:01:21	6847	40	10	3	5
1463	2022-06-05 14:17:44	446	15	130	50	2
1464	2022-11-19 03:53:41	7630	81	167	66	5
1465	2020-04-30 20:44:17	5384	35	11	1	4
1466	2022-07-18 00:03:29	7542	85	61	24	3
1467	2020-06-30 06:08:02	7403	65	99	33	4
1468	2021-12-29 17:49:52	2681	68	5	5	2
1469	2023-03-15 10:13:55	6602	61	262	96	4
1470	2021-01-05 15:25:18	5704	49	61	24	1
1471	2016-05-28 04:34:44	6602	61	218	84	2
1472	2023-05-15 13:30:55	1481	94	98	34	3
1473	2023-02-06 08:23:25	2310	20	261	92	4
1474	2017-04-23 16:29:04	8312	13	248	91	5
1475	2021-12-30 16:19:31	5100	88	11	1	1
1476	2021-09-27 13:32:47	2481	100	248	91	5
1477	2023-02-16 08:12:42	7542	85	105	41	1
1478	2019-10-02 12:25:45	9779	6	167	66	3
1479	2021-01-08 21:26:18	3323	7	5	5	1
1480	2021-11-08 18:03:01	2176	11	7	4	5
1481	2022-12-16 07:40:13	6660	59	23	15	1
1482	2023-05-12 01:33:38	5952	30	205	80	2
1483	2022-12-17 15:22:18	2040	14	205	80	5
1484	2023-02-17 19:29:43	2310	20	272	98	2
1485	2023-06-04 08:52:55	1118	92	88	30	1
1486	2022-04-06 23:11:04	8020	95	10	3	5
1487	2019-09-06 22:35:15	3236	3	148	57	1
1488	2017-07-11 11:06:56	1529	28	66	23	2
1489	2019-05-31 04:48:54	564	73	115	46	3
1490	2019-11-20 05:25:02	9611	19	178	70	4
1491	2017-12-10 18:01:45	4328	43	110	38	5
1492	2022-03-19 17:52:44	478	62	7	4	3
1493	2022-12-31 06:25:55	2644	1	13	10	3
1494	2020-08-24 20:37:47	9266	36	129	49	1
1495	2020-09-11 22:22:38	6647	67	135	51	1
1496	2023-04-01 15:07:59	3953	4	115	47	1
1497	2020-02-03 04:53:38	1213	46	188	72	4
1498	2019-07-23 14:38:59	2034	10	23	15	5
1499	2023-05-02 15:17:59	7403	65	154	55	2
1500	2023-04-09 13:29:06	1481	94	98	34	2
1501	2021-09-12 03:54:55	3636	71	105	41	4
1502	2023-05-03 17:41:55	7295	53	170	67	3
1503	2016-09-09 08:21:55	3862	29	248	91	1
1504	2019-07-04 22:25:03	2022	41	236	88	3
1505	2023-06-03 19:32:55	237	80	32	14	5
1506	2023-03-30 01:52:32	6431	37	113	45	3
1507	2016-06-05 09:52:42	2466	2	261	92	2
1508	2020-07-12 09:20:02	7729	72	184	68	1
1509	2021-05-07 12:35:13	2947	12	7	4	1
1510	2020-05-04 12:29:47	9683	87	46	21	5
1511	2020-01-05 07:29:39	4388	50	23	15	2
1512	2021-09-01 11:05:04	2040	14	7	4	2
1513	2023-03-31 19:34:10	1493	84	115	47	1
1514	2022-05-07 19:02:27	1529	28	110	39	2
1515	2022-10-07 07:58:40	5952	30	205	80	1
1516	2023-05-13 15:23:14	619	76	205	80	2
1517	2020-07-12 01:31:58	1492	98	155	62	4
1518	2023-03-28 21:23:45	3953	4	170	67	3
1519	2021-08-14 23:05:17	6660	59	276	100	1
1520	2022-10-03 14:51:36	7542	85	6	2	1
1521	2023-05-31 20:45:25	6431	37	25	16	4
1522	2019-06-02 01:36:59	564	73	203	81	4
1523	2020-10-26 21:17:14	7542	85	61	24	4
1524	2020-10-04 00:46:44	2416	83	7	4	1
1525	2021-02-23 01:00:13	1266	63	208	77	2
1526	2018-03-20 20:53:44	2644	1	13	9	4
1527	2019-06-27 09:25:08	9611	19	178	69	3
1528	2021-11-08 01:09:39	1529	28	22	8	3
1529	2019-04-26 12:32:10	2681	68	115	46	2
1530	2022-11-28 23:27:52	619	76	205	80	3
1531	2022-12-24 05:01:04	2022	41	115	47	2
1532	2017-02-09 08:42:20	3299	75	14	11	1
1533	2021-06-22 01:31:28	4959	70	115	46	4
1534	2020-09-09 10:31:33	3636	71	61	24	2
1535	2019-06-25 12:57:36	4959	70	236	88	1
1536	2020-04-22 06:20:22	3236	3	236	88	1
1537	2022-07-03 15:10:46	3236	3	236	88	5
1538	2020-11-19 13:49:18	5704	49	105	41	3
1539	2023-02-07 17:32:27	1739	51	147	58	2
1540	2021-02-08 08:21:19	2644	1	156	63	1
1541	2023-01-21 23:06:33	478	62	205	80	5
1542	2022-07-10 10:47:15	7716	42	162	59	3
1543	2018-06-28 01:13:50	5947	9	242	87	5
1544	2023-05-23 03:44:31	6847	40	98	34	2
1545	2022-09-14 21:30:49	7812	5	105	41	1
1546	2022-11-05 23:01:44	6847	40	164	61	1
1547	2022-08-27 17:53:16	4622	8	105	41	4
1548	2022-01-08 08:25:29	5100	88	88	30	1
1549	2019-05-12 11:19:15	4622	8	61	24	3
1550	2021-07-21 01:53:31	3299	75	146	56	2
1551	2023-05-20 18:53:08	7136	48	170	67	3
1552	2022-06-05 21:06:24	5343	90	151	53	5
1553	2023-06-01 22:20:10	2075	31	115	47	2
1554	2020-02-26 16:14:43	1739	51	235	89	5
1555	2022-04-09 02:34:52	1213	46	67	29	1
1556	2023-03-25 04:36:01	7716	42	272	98	3
1557	2022-02-01 14:36:22	3862	29	61	24	2
1558	2023-05-23 08:39:30	1481	94	98	34	1
1559	2023-05-30 18:17:58	8020	95	32	14	4
1560	2023-03-26 12:00:49	9734	52	205	80	4
1561	2022-09-13 01:28:38	8770	18	7	4	1
1562	2023-05-10 12:22:08	9003	34	67	29	2
1563	2018-06-02 09:08:23	7630	81	13	9	1
1564	2023-05-16 11:23:00	8312	13	248	91	4
1565	2022-06-28 19:41:25	528	33	6	2	5
1566	2023-02-04 10:52:38	8865	99	115	47	4
1567	2018-04-22 19:38:01	1739	51	235	89	3
1568	2021-04-27 13:17:58	6431	37	190	73	3
1569	2020-01-03 20:43:29	4423	32	61	24	5
1570	2022-03-30 23:58:15	6612	69	262	96	5
1571	2022-12-29 03:06:39	5384	35	253	90	2
1572	2022-02-10 20:26:24	8128	58	105	41	2
1573	2016-12-06 10:35:36	9699	78	261	92	3
1574	2023-03-19 23:26:02	5100	88	110	40	5
1575	2020-08-11 03:40:37	5100	88	110	38	2
1576	2022-11-08 12:52:48	4622	8	248	91	4
1577	2023-04-14 21:38:14	8128	58	160	60	2
1578	2017-01-09 15:25:43	2867	66	114	48	5
1579	2022-12-29 04:47:07	9734	52	205	80	4
1580	2020-02-18 05:17:58	675	21	154	54	3
1581	2021-02-05 05:10:58	3953	4	115	46	1
1582	2016-03-03 06:56:22	9683	87	13	9	3
1583	2022-01-27 04:29:03	8128	58	116	43	1
1584	2022-11-01 05:53:16	6431	37	113	45	4
1585	2022-02-28 09:26:45	1407	56	9	6	2
1586	2019-10-14 11:28:23	675	21	154	54	2
1587	2020-05-09 12:49:33	3862	29	105	41	2
1588	2021-05-05 22:25:50	8108	22	13	9	1
1589	2022-04-18 11:11:01	675	21	110	39	4
1590	2022-11-03 07:56:47	7136	48	148	57	1
1591	2020-09-27 17:16:01	7136	48	148	57	2
1592	2020-02-24 20:10:32	3236	3	236	88	3
1593	2022-02-13 12:02:17	8108	22	90	36	2
1594	2018-03-19 22:09:55	2644	1	79	31	1
1595	2019-10-25 10:20:58	1529	28	22	8	1
1596	2022-05-23 23:22:51	6412	23	148	57	4
1597	2023-05-25 16:12:11	5991	17	160	60	3
1598	2022-07-19 13:46:23	1481	94	164	61	4
1599	2022-03-29 01:38:42	9266	36	162	59	3
1600	2020-04-01 04:10:06	4388	50	276	100	2
1601	2022-06-29 04:08:55	2644	1	57	26	3
1602	2021-12-20 08:57:24	6460	64	130	50	3
1603	2023-05-08 11:04:28	3299	75	25	16	5
1604	2021-12-27 10:41:52	4388	50	188	72	1
1605	2023-03-19 07:55:35	1385	60	266	99	1
1606	2022-01-01 00:26:55	9699	78	184	68	4
1607	2023-01-20 16:57:51	7716	42	52	20	3
1608	2018-05-02 06:05:19	7295	53	203	81	4
1609	2022-05-27 04:17:14	6130	79	19	7	5
1610	2020-09-02 06:56:54	2867	66	191	75	3
1611	2021-05-29 01:28:17	1868	25	9	6	2
1612	2022-12-25 16:32:12	4622	8	116	43	2
1613	2023-01-19 03:03:36	4959	70	115	47	3
1614	2019-07-29 22:57:37	2570	45	178	69	3
1615	2023-02-08 09:27:50	4419	91	190	73	2
1616	2018-01-17 20:51:16	675	21	66	23	5
1617	2019-11-26 12:44:44	9699	78	30	13	5
1618	2020-12-07 03:20:44	8128	58	61	24	5
1619	2023-04-18 10:57:03	1704	89	7	4	1
1620	2020-06-05 05:29:31	1385	60	79	32	5
1621	2020-07-24 16:58:40	7542	85	105	41	5
1622	2023-02-10 22:31:17	1118	92	22	8	2
1623	2021-07-02 03:14:42	6431	37	190	73	1
1624	2023-05-17 19:20:36	7136	48	170	67	1
1625	2023-05-26 21:23:13	4419	91	25	16	2
1626	2023-03-20 18:03:24	2022	41	236	88	1
1627	2021-07-25 11:35:03	4622	8	105	41	5
1628	2021-05-29 17:07:27	6602	61	97	37	2
1629	2020-04-25 21:10:55	9699	78	184	68	1
1630	2022-09-21 16:08:27	3070	39	97	37	3
1631	2021-12-17 05:23:25	3390	82	46	21	4
1632	2019-12-20 22:16:33	3862	29	61	24	3
1633	2020-12-13 16:04:45	1739	51	191	75	5
1634	2022-06-19 12:35:25	2681	68	214	83	5
1635	2022-11-01 18:55:14	4423	32	160	60	1
1636	2018-07-21 06:59:24	2466	2	129	49	2
1637	2021-02-24 03:09:23	446	15	97	37	3
1638	2022-10-12 18:00:21	3390	82	266	99	5
1639	2022-12-12 23:00:25	1704	89	205	80	4
1640	2019-07-31 13:05:48	2570	45	178	69	5
1641	2019-02-13 08:58:04	7295	53	115	46	2
1642	2022-06-03 10:01:07	2034	10	276	100	2
1643	2022-09-06 13:52:17	5991	17	61	24	5
1644	2020-10-27 05:48:52	3390	82	178	70	1
1645	2023-03-08 23:06:29	5343	90	19	7	3
1646	2022-09-05 03:55:26	478	62	205	80	2
1647	2021-11-26 05:25:59	3390	82	156	64	4
1648	2023-06-02 05:49:18	369	93	32	14	1
1649	2021-06-21 18:31:07	2022	41	148	57	1
1650	2021-07-15 01:00:20	9734	52	7	4	2
1651	2022-05-11 09:32:19	6602	61	9	6	1
1652	2021-05-12 23:26:49	2681	68	203	81	1
1653	2023-05-09 09:56:39	478	62	205	80	2
1654	2018-03-25 16:57:30	4328	43	88	30	1
1655	2020-12-02 14:47:11	3636	71	248	91	5
1656	2022-11-13 19:48:24	6460	64	262	96	4
1657	2022-03-05 11:10:17	9683	87	90	36	4
1658	2021-05-14 21:05:19	4423	32	248	91	5
1659	2023-06-03 13:02:40	9234	38	32	14	1
1660	2023-05-21 23:40:11	8289	86	98	34	5
1661	2023-03-30 07:23:15	619	76	205	80	3
1662	2021-11-21 13:43:53	8865	99	214	83	5
1663	2023-02-22 20:09:08	9699	78	19	7	3
1664	2022-05-21 17:48:21	8128	58	6	2	4
1665	2021-09-22 11:21:23	1266	63	10	3	4
1666	2021-03-21 08:59:57	7651	44	7	4	5
1667	2023-04-20 05:09:33	6647	67	113	45	2
1668	2021-08-31 09:19:01	3390	82	156	63	2
1669	2021-10-14 22:31:36	3299	75	146	56	4
1670	2023-06-01 23:40:59	1529	28	154	55	1
1671	2019-07-18 18:30:10	8289	86	208	77	3
1672	2022-10-16 01:30:26	1914	77	235	89	5
1673	2017-09-30 12:40:27	4375	55	115	46	5
1674	2023-02-28 04:27:47	5947	9	242	87	5
1675	2021-04-25 09:51:45	5100	88	154	54	3
1676	2018-06-09 18:05:29	4328	43	154	54	1
1677	2021-10-05 23:46:34	9779	6	46	21	4
1678	2023-04-27 17:37:27	9026	27	98	34	5
1679	2023-05-01 23:11:37	5704	49	6	2	2
1680	2021-01-09 15:16:38	7136	48	148	57	1
1681	2018-11-06 18:00:58	9611	19	79	32	3
1682	2023-05-12 15:24:44	3299	75	135	51	3
1683	2023-04-09 21:52:53	2034	10	155	62	1
1684	2022-11-01 04:34:37	4622	8	116	43	4
1685	2023-04-10 14:50:46	13	24	115	47	3
1686	2021-02-21 01:34:17	3953	4	5	5	5
1687	2021-05-31 22:30:24	6431	37	146	56	3
1688	2023-03-04 19:39:02	8312	13	160	60	3
1689	2022-03-06 09:53:19	1385	60	156	64	1
1690	2020-11-18 23:39:41	1529	28	66	23	1
1691	2022-10-28 15:24:48	4419	91	14	12	1
1692	2023-04-03 07:45:02	3862	29	6	2	2
1693	2018-05-03 19:49:44	9683	87	79	31	1
1694	2023-01-01 04:32:28	6431	37	14	12	2
1695	2023-05-26 23:51:40	1481	94	32	14	1
1696	2023-05-22 21:35:26	675	21	154	55	2
1697	2018-06-19 16:21:39	1385	60	79	31	5
1698	2022-02-04 14:18:10	6660	59	89	35	2
1699	2022-09-21 04:13:03	8770	18	205	80	2
1700	2021-08-26 16:15:10	2947	12	7	4	1
1701	2023-05-13 15:24:39	9683	87	178	70	2
1702	2023-02-07 11:42:48	1492	98	67	29	1
1703	2022-01-29 05:33:23	1914	77	191	75	2
1704	2023-04-10 00:05:15	9026	27	98	34	5
1705	2023-01-27 01:28:33	9699	78	272	98	5
1706	2020-10-12 08:51:08	9699	78	19	7	5
1707	2022-11-01 04:37:01	7812	5	160	60	3
1708	2020-02-20 22:39:48	6412	23	236	88	1
1709	2022-12-04 08:39:12	4388	50	254	94	1
1710	2022-04-09 06:23:47	4959	70	148	57	2
1711	2023-03-27 22:18:02	4622	8	160	60	2
1712	2023-04-07 15:39:37	6412	23	170	67	2
1713	2022-10-11 12:43:07	6130	79	184	68	5
1714	2019-11-20 18:58:11	4959	70	115	46	4
1715	2022-09-03 04:36:34	2532	47	52	20	2
1716	2022-09-29 13:45:28	5035	54	154	54	2
1717	2022-05-10 08:10:45	2310	20	184	68	4
1718	2021-03-06 08:51:23	7630	81	167	66	4
1719	2023-03-16 02:42:07	2416	83	7	4	5
1720	2020-11-04 11:05:19	8289	86	208	77	4
1721	2021-08-01 20:40:49	5343	90	162	59	5
1722	2021-10-12 21:32:32	7542	85	105	41	5
1723	2022-01-04 09:10:05	5947	9	11	1	4
1724	2020-07-08 05:00:16	3070	39	53	22	3
1725	2021-11-21 10:33:47	6847	40	10	3	4
1726	2022-05-07 18:04:41	1492	98	188	72	3
1727	2020-06-16 06:02:36	1739	51	59	27	3
1728	2022-01-31 23:37:33	3299	75	212	82	4
1729	2019-07-12 22:20:38	4090	74	148	57	1
1730	2022-07-04 21:33:04	1481	94	164	61	2
1731	2022-07-15 21:59:27	2644	1	46	21	1
1732	2018-10-29 05:37:19	3323	7	115	46	4
1733	2020-05-10 13:03:09	1118	92	209	76	1
1734	2021-08-20 18:48:49	3236	3	236	88	3
1735	2022-01-18 19:39:20	2075	31	203	81	4
1736	2019-12-07 23:20:31	2681	68	5	5	5
1737	2023-01-05 21:14:22	5952	30	205	80	2
1738	2019-07-06 16:30:52	8108	22	178	69	1
1739	2023-04-04 23:57:52	6612	69	9	6	4
1740	2023-04-05 11:40:40	3070	39	218	84	4
1741	2018-10-19 10:19:23	5384	35	154	54	2
1742	2018-06-16 07:48:41	1868	25	218	84	1
1743	2019-02-13 12:46:39	2075	31	203	81	5
1744	2018-07-08 12:07:26	9779	6	79	31	3
1745	2019-08-27 08:30:07	7542	85	105	41	3
1746	2019-07-11 10:02:57	8108	22	178	69	2
1747	2019-07-22 04:25:21	9611	19	178	69	2
1748	2023-05-28 02:48:24	237	80	32	14	1
1749	2023-04-13 23:05:21	6460	64	97	37	1
1750	2023-05-18 02:36:19	237	80	10	3	3
1751	2019-07-06 08:35:20	8108	22	57	26	3
1752	2023-01-09 13:44:32	4375	55	214	83	2
1753	2019-04-16 20:52:39	6602	61	218	84	1
1754	2022-04-09 15:01:45	4622	8	6	2	1
1755	2023-05-24 06:48:19	6431	37	25	16	5
1756	2022-08-28 08:05:28	2310	20	151	53	4
1757	2021-11-20 18:58:47	3636	71	61	24	1
1758	2019-04-05 16:48:17	2075	31	148	57	1
1759	2023-06-03 19:39:19	6647	67	25	16	4
1760	2023-04-23 12:30:40	2466	2	173	65	1
1761	2023-05-10 10:20:20	6431	37	25	16	3
1762	2023-06-03 18:25:20	1266	63	32	14	3
1763	2023-04-24 16:32:48	7812	5	6	2	4
1764	2021-11-21 18:48:25	564	73	148	57	1
1765	2023-03-12 09:48:44	7136	48	214	83	1
1766	2020-03-09 10:54:43	9234	38	10	3	1
1767	2023-04-16 00:56:43	13	24	115	47	2
1768	2018-04-22 16:35:17	9611	19	200	79	2
1769	2021-10-17 05:56:10	6024	96	7	4	2
1770	2022-01-20 16:39:55	9266	36	19	7	5
1771	2022-07-26 06:50:30	9734	52	7	4	4
1772	2021-04-14 06:50:27	7136	48	214	83	3
1773	2022-05-14 23:55:37	401	97	191	75	4
1774	2022-09-11 11:05:05	2947	12	7	4	1
1775	2019-08-20 05:34:06	4388	50	188	72	3
1776	2019-11-10 16:44:01	13	24	5	5	2
1777	2022-10-11 20:37:19	5952	30	205	80	1
1778	2022-08-14 13:27:39	2310	20	118	42	4
1779	2023-03-13 02:23:13	237	80	164	61	1
1780	2022-08-10 05:22:59	7403	65	99	33	3
1781	2022-08-14 23:50:22	528	33	61	24	4
1782	2020-08-03 10:45:03	5100	88	66	23	1
1783	2022-09-21 11:50:54	7812	5	160	60	3
1784	2023-04-19 03:57:00	478	62	205	80	5
1785	2023-05-15 13:43:24	1914	77	213	85	2
1786	2016-09-11 18:52:39	2481	100	248	91	2
1787	2020-01-25 14:02:55	528	33	61	24	4
1788	2022-04-19 10:23:44	7403	65	110	39	5
1789	2022-05-16 07:22:17	5343	90	19	7	5
1790	2022-08-28 09:06:19	4375	55	214	83	2
1791	2023-05-27 05:26:53	7136	48	170	67	1
1792	2022-11-04 14:52:33	9234	38	10	3	2
1793	2015-11-23 10:58:05	8268	16	188	71	3
1794	2023-02-11 20:39:54	1914	77	59	28	2
1795	2022-07-04 00:20:01	2532	47	173	65	1
1796	2020-11-27 12:47:58	7630	81	57	26	5
1797	2023-02-14 01:02:18	6130	79	261	92	5
1798	2020-08-21 07:56:30	3207	57	191	75	1
1799	2022-05-24 20:06:52	369	93	164	61	1
1800	2022-07-18 05:55:38	4622	8	105	41	2
1801	2018-03-23 04:45:27	6612	69	218	84	4
1802	2022-07-01 16:30:04	7295	53	214	83	3
1803	2020-12-11 19:30:03	2310	20	162	59	4
1804	2021-01-03 16:28:45	6602	61	53	22	4
1805	2022-03-23 21:23:45	9266	36	151	53	1
1806	2022-02-22 07:47:20	1213	46	23	15	1
1807	2022-06-06 16:06:12	3953	4	203	81	2
1808	2020-04-17 21:48:42	8865	99	148	57	4
1809	2021-08-11 16:57:27	2947	12	7	4	2
1810	2022-11-26 23:33:13	5100	88	88	30	4
1811	2021-08-06 07:38:03	528	33	105	41	4
1812	2018-12-08 07:18:47	7716	42	52	20	1
1813	2019-05-20 13:49:16	3323	7	148	57	1
1814	2020-04-12 19:39:18	6130	79	151	53	3
1815	2023-03-05 20:18:29	3207	57	235	89	5
1816	2022-03-03 11:12:20	564	73	148	57	1
1817	2023-02-02 05:38:02	7716	42	52	20	2
1818	2023-01-30 06:26:08	528	33	160	60	3
1819	2023-04-26 04:09:04	2176	11	205	80	3
1820	2023-05-14 18:43:00	9234	38	98	34	2
1821	2020-05-06 17:11:31	675	21	110	38	5
1822	2022-04-17 18:37:06	5704	49	116	43	1
1823	2022-07-01 15:44:37	2867	66	59	27	2
1824	2016-10-07 08:45:28	1492	98	188	71	5
1825	2023-06-03 06:32:21	9779	6	167	66	5
1826	2021-03-23 23:34:53	4375	55	115	46	5
1827	2022-10-11 13:03:47	8128	58	116	43	5
1828	2022-04-16 15:58:46	3953	4	148	57	4
1829	2023-05-09 09:39:56	7295	53	170	67	3
1830	2023-04-30 21:43:24	5100	88	253	90	2
1831	2020-10-24 11:09:23	9683	87	79	32	2
1832	2021-10-27 23:54:51	3323	7	236	88	5
1833	2021-02-16 04:01:21	1213	46	23	15	1
1834	2021-06-22 06:24:05	619	76	7	4	1
1835	2022-06-29 02:55:01	2681	68	214	83	1
1836	2020-05-17 05:41:48	1914	77	235	89	4
1837	2022-03-23 11:20:43	9699	78	184	68	4
1838	2019-01-13 00:24:19	4959	70	236	88	5
1839	2019-07-08 03:29:00	8312	13	105	41	2
1840	2019-07-26 18:13:14	2570	45	178	69	5
1841	2020-03-08 06:36:09	4959	70	236	88	4
1842	2020-08-11 20:16:21	9734	52	7	4	2
1843	2019-07-20 00:20:31	7630	81	178	69	3
1844	2022-04-10 15:08:42	6602	61	9	6	2
1845	2022-05-21 04:34:29	5947	9	66	23	5
1846	2022-07-04 19:55:27	5704	49	116	43	1
1847	2021-04-05 03:59:47	5035	54	11	1	5
1848	2020-02-16 19:08:13	1407	56	218	84	2
1849	2019-11-19 07:25:35	9026	27	10	3	2
1850	2022-12-21 19:03:51	13	24	115	47	4
1851	2021-09-06 20:27:34	2022	41	214	83	2
1852	2021-07-14 16:11:25	1266	63	208	77	2
1853	2016-11-27 13:54:40	3236	3	236	88	5
1854	2021-08-14 07:35:53	1385	60	156	63	4
1855	2021-08-19 03:13:36	5704	49	248	91	3
1856	2019-08-15 23:01:27	1213	46	199	78	5
1857	2023-04-24 15:27:09	7812	5	105	41	4
1858	2021-08-31 15:09:14	8128	58	248	91	2
1859	2020-04-30 16:36:33	1529	28	11	1	2
1860	2020-02-16 15:12:38	3236	3	115	46	3
1861	2022-07-16 12:50:41	9683	87	200	79	3
1862	2022-06-20 22:21:00	9779	6	178	70	1
1863	2018-04-22 18:43:51	6460	64	218	84	2
1864	2022-11-23 12:39:54	9266	36	118	42	5
1865	2023-05-23 03:21:38	401	97	213	85	2
1866	2018-12-11 23:20:26	9779	6	79	32	1
1867	2021-01-04 23:54:21	8865	99	115	46	2
1868	2022-03-05 14:09:44	1493	84	5	5	3
1869	2022-12-20 02:01:10	4423	32	105	41	3
1870	2019-11-27 09:50:42	3862	29	105	41	3
1871	2021-07-23 08:36:17	8128	58	61	24	1
1872	2022-09-03 13:43:19	2947	12	205	80	3
1873	2020-02-14 18:21:46	2310	20	184	68	4
1874	2021-07-14 03:22:10	1385	60	156	63	1
1875	2022-08-08 03:04:00	4419	91	135	51	2
1876	2017-12-03 09:27:05	1529	28	66	23	5
1877	2022-09-09 16:38:18	2022	41	214	83	5
1878	2022-12-02 05:46:43	6647	67	14	12	2
1879	2018-12-15 16:08:15	2644	1	79	32	5
1880	2023-04-24 05:18:25	4375	55	170	67	4
1881	2021-02-26 23:57:48	6647	67	14	11	2
1882	2020-01-27 01:54:35	5100	88	11	1	3
1883	2019-05-10 02:58:08	1739	51	191	74	5
1884	2022-12-01 00:06:04	9266	36	173	65	3
1885	2020-07-10 03:17:26	1118	92	154	54	3
1886	2020-11-23 01:00:34	5991	17	61	24	1
1887	2023-06-03 17:08:20	2867	66	213	85	4
1888	2022-08-26 23:50:10	1704	89	205	80	4
1889	2022-04-07 06:29:11	2466	2	118	42	3
1890	2021-08-28 06:48:09	6602	61	9	6	4
1891	2022-03-30 23:49:13	1385	60	13	9	2
1892	2021-04-19 19:05:46	7651	44	7	4	3
1893	2023-05-25 20:37:16	3299	75	25	16	4
1894	2022-02-06 18:05:29	2867	66	59	27	4
1895	2022-04-03 23:22:23	5343	90	173	65	1
1896	2023-05-10 16:00:32	2867	66	59	28	3
1897	2023-04-06 18:43:37	528	33	6	2	1
1898	2021-06-17 01:13:25	2034	10	67	29	4
1899	2023-06-03 19:16:21	3862	29	6	2	3
1900	2023-05-09 11:22:13	13	24	170	67	1
1901	2019-05-28 22:23:35	8289	86	10	3	2
1902	2019-02-11 01:51:15	6130	79	151	53	2
1903	2023-05-11 01:30:26	619	76	205	80	2
1904	2020-05-03 21:48:45	1213	46	199	78	2
1905	2021-03-15 18:13:24	478	62	7	4	5
1906	2022-11-06 05:20:21	5952	30	205	80	1
1907	2018-01-29 17:42:29	6130	79	272	97	3
1908	2021-06-07 00:04:28	3070	39	97	37	4
1909	2023-02-20 16:23:54	6431	37	14	12	4
1910	2021-01-11 18:49:15	8865	99	5	5	3
1911	2019-12-21 21:57:16	6460	64	9	6	1
1912	2018-01-19 03:16:40	9266	36	52	20	4
1913	2022-09-05 09:51:38	4419	91	256	95	1
1914	2018-08-16 02:31:45	13	24	236	88	2
1915	2020-12-02 14:39:06	7136	48	5	5	3
1916	2020-09-24 20:02:40	5100	88	209	76	3
1917	2022-07-04 00:02:43	2867	66	59	27	4
1918	2022-04-16 07:07:39	1492	98	67	29	2
1919	2021-08-22 14:56:16	1407	56	218	84	3
1920	2023-04-15 10:58:23	2532	47	272	98	1
1921	2023-05-09 16:55:43	13	24	148	57	2
1922	2021-09-19 07:14:42	8108	22	156	63	1
1923	2023-01-03 18:17:03	7542	85	248	91	1
1924	2022-05-30 16:39:02	9266	36	52	20	2
1925	2020-07-24 18:23:41	675	21	88	30	2
1926	2017-03-06 11:22:13	401	97	191	74	4
1927	2017-08-14 22:10:38	4090	74	115	46	2
1928	2017-08-09 15:01:40	3323	7	236	88	3
1929	2021-10-14 13:19:43	9683	87	90	36	1
1930	2020-02-25 16:00:21	1739	51	191	75	3
1931	2022-09-08 09:38:52	8312	13	160	60	3
1932	2022-11-01 07:32:08	2947	12	205	80	1
1933	2019-07-30 00:37:25	9611	19	178	69	2
1934	2019-03-19 10:05:04	4090	74	148	57	1
1935	2022-02-19 09:05:52	4419	91	135	51	4
1936	2019-12-24 01:04:40	2075	31	148	57	5
1937	2021-07-19 22:56:55	9266	36	151	53	2
1938	2021-06-27 04:32:44	1493	84	214	83	2
1939	2019-10-21 11:39:33	2022	41	148	57	2
1940	2023-04-15 19:44:04	1493	84	170	67	4
1941	2023-05-07 13:11:00	5343	90	151	53	3
1942	2019-08-12 22:39:16	1385	60	57	26	5
1943	2017-08-09 11:47:20	675	21	110	38	2
1944	2021-03-27 17:18:28	9779	6	178	70	2
1945	2022-10-12 20:43:07	478	62	7	4	3
1946	2022-03-02 02:39:30	2867	66	147	58	1
1947	2021-10-10 10:30:47	2310	20	173	65	1
1948	2020-02-06 12:38:27	2947	12	7	4	2
1949	2021-04-07 08:00:06	2570	45	167	66	3
1950	2023-05-06 08:16:44	2481	100	160	60	2
1951	2020-05-07 12:55:09	6412	23	203	81	3
1952	2016-11-07 20:44:36	4388	50	188	71	5
1953	2023-06-02 20:51:49	2466	2	52	20	5
1954	2017-04-09 05:40:28	3323	7	236	88	3
1955	2021-09-06 15:20:02	1914	77	114	48	4
1956	2023-04-10 00:11:54	3953	4	170	67	2
1957	2021-02-13 04:12:25	5343	90	30	13	3
1958	2021-01-02 13:18:14	3636	71	105	41	5
1959	2021-07-01 10:04:58	1529	28	66	23	1
1960	2017-07-20 18:52:25	3862	29	248	91	3
1961	2023-05-17 08:31:07	8128	58	160	60	2
1962	2020-04-02 03:08:31	675	21	88	30	3
1963	2021-11-29 01:27:11	2681	68	214	83	2
1964	2022-05-16 17:03:19	3862	29	116	43	5
1965	2018-09-14 17:38:40	1481	94	208	77	2
1966	2021-02-14 04:08:51	2310	20	173	65	1
1967	2019-05-13 08:01:24	8268	16	67	29	5
1968	2022-05-07 05:00:50	1868	25	262	96	3
1969	2020-05-27 15:17:15	1739	51	59	27	4
1970	2021-04-10 20:24:01	1493	84	5	5	4
1971	2019-11-11 23:58:19	2466	2	30	13	1
1972	2019-06-25 05:38:11	3390	82	178	69	1
1973	2020-12-06 10:32:28	369	93	10	3	1
1974	2023-05-26 02:06:29	5343	90	272	98	4
1975	2022-05-15 08:07:37	5384	35	110	39	5
1976	2023-01-05 23:50:58	4959	70	115	47	2
1977	2023-04-12 06:27:23	4375	55	170	67	4
1978	2022-08-29 06:27:31	8268	16	89	35	2
1979	2022-10-18 21:19:48	2570	45	167	66	4
1980	2021-05-09 06:56:54	4622	8	105	41	4
1981	2023-01-13 12:00:58	2075	31	5	5	5
1982	2022-04-17 15:51:22	3636	71	116	43	1
1983	2021-08-22 05:02:03	1385	60	156	63	3
1984	2021-08-13 04:30:43	6602	61	130	50	1
1985	2022-10-03 09:16:46	2481	100	160	60	3
1986	2020-01-16 11:30:35	4419	91	14	11	4
1987	2023-05-12 12:32:12	1492	98	254	94	5
1988	2017-06-15 19:36:27	2022	41	236	88	1
1989	2020-01-01 05:14:34	2022	41	236	88	4
1990	2023-04-03 19:28:41	5035	54	253	90	1
1991	2022-12-30 07:27:23	9699	78	184	68	4
1992	2023-01-08 19:40:42	8312	13	6	2	2
1993	2017-11-27 00:53:59	2570	45	57	26	1
1994	2019-11-18 09:21:21	401	97	191	75	4
1995	2022-05-29 11:30:46	8684	26	156	64	4
1996	2020-10-17 21:33:37	5704	49	105	41	2
1997	2022-11-22 00:02:29	7630	81	13	10	4
1998	2023-05-12 10:37:49	3636	71	160	60	5
1999	2022-07-05 20:23:24	9026	27	164	61	5
2000	2023-05-30 15:50:41	8020	95	32	14	4
2001	2021-07-13 03:38:20	5947	9	209	76	4
2002	2023-05-26 08:40:17	446	15	130	50	2
2003	2022-04-16 19:29:37	1493	84	148	57	4
2004	2021-10-18 04:27:48	9683	87	167	66	4
2005	2021-02-19 22:28:24	2947	12	7	4	4
2006	2021-02-05 20:57:35	9734	52	7	4	5
2007	2023-03-12 03:08:03	1739	51	235	89	5
2008	2021-04-02 20:37:01	5384	35	264	93	1
2009	2021-03-23 09:01:29	1407	56	97	37	3
2010	2020-10-22 02:46:45	1529	28	66	23	1
2011	2021-01-02 15:08:31	2310	20	30	13	4
2012	2022-04-04 15:38:22	6412	23	214	83	1
2013	2022-08-09 13:51:31	564	73	203	81	4
2014	2023-05-12 10:28:06	6412	23	170	67	5
2015	2021-12-27 09:28:42	8268	16	89	35	1
2016	2023-02-03 03:43:55	8770	18	205	80	5
2017	2022-12-11 07:02:52	5952	30	205	80	4
2018	2018-10-27 07:49:30	13	24	115	46	1
2019	2021-09-22 11:22:25	7716	42	19	7	3
2020	2022-12-20 10:32:15	4622	8	160	60	5
2021	2021-03-23 05:59:47	7542	85	61	24	2
2022	2021-09-14 17:53:46	2947	12	7	4	1
2023	2023-06-03 18:07:55	1481	94	32	14	1
2024	2019-07-17 22:16:47	4090	74	236	88	5
2025	2019-05-27 13:55:07	6660	59	23	15	2
2026	2021-04-26 19:14:23	8312	13	61	24	4
2027	2022-12-24 00:17:18	7651	44	7	4	4
2028	2022-09-21 14:25:45	2570	45	13	10	4
2029	2023-03-01 11:10:08	2644	1	266	99	2
2030	2022-09-02 00:13:15	4388	50	254	94	4
2031	2022-03-23 12:17:15	9234	38	164	61	1
2032	2016-08-16 11:05:23	3207	57	191	74	4
2033	2023-03-18 12:22:03	6647	67	14	12	2
2034	2017-06-18 12:41:05	4622	8	248	91	5
2035	2022-02-19 00:58:24	8128	58	248	91	1
2036	2020-07-27 00:01:48	401	97	59	27	1
2037	2023-03-25 02:02:34	8770	18	205	80	3
2038	2023-03-26 01:25:07	1868	25	97	37	2
2039	2023-03-07 09:12:36	1493	84	214	83	1
2040	2022-09-18 14:06:24	7651	44	7	4	3
2041	2023-05-29 19:43:29	9026	27	32	14	1
2042	2021-11-29 01:15:57	7729	72	173	65	2
2043	2021-06-17 14:06:13	9683	87	156	63	4
2044	2021-04-13 06:29:47	4388	50	276	100	2
2045	2022-08-02 07:18:57	3862	29	105	41	3
2046	2017-11-29 19:08:31	675	21	154	54	1
2047	2023-02-20 07:35:29	1739	51	147	58	5
2048	2020-11-11 22:16:54	1407	56	218	84	1
2049	2023-03-09 02:51:21	6024	96	205	80	3
2050	2016-06-03 16:10:37	9266	36	30	13	1
2051	2022-04-02 12:48:05	8108	22	156	64	2
2052	2023-03-31 04:46:05	4090	74	170	67	1
2053	2022-07-25 09:03:26	9699	78	19	7	2
2054	2019-09-07 07:21:32	2466	2	162	59	4
2055	2020-06-26 09:31:50	619	76	7	4	5
2056	2019-10-12 16:12:17	4328	43	209	76	4
2057	2021-03-06 14:26:17	5952	30	7	4	4
2058	2023-03-16 01:03:45	478	62	205	80	4
2059	2020-09-12 03:44:01	7651	44	7	4	1
2060	2022-12-13 13:25:36	3236	3	236	88	1
2061	2020-03-26 15:41:22	2644	1	167	66	2
2062	2022-02-03 19:34:24	1407	56	97	37	2
2063	2022-05-01 03:04:35	1266	63	164	61	5
2064	2022-06-05 03:38:23	7651	44	7	4	4
2065	2022-09-02 16:57:22	8770	18	7	4	3
2066	2017-07-14 10:32:26	5384	35	154	54	1
2067	2021-05-03 18:21:57	9611	19	156	63	1
2068	2022-08-10 08:56:00	2644	1	266	99	5
2069	2019-11-09 16:35:36	7136	48	5	5	4
2070	2023-05-29 00:20:37	7295	53	170	67	4
2071	2021-07-30 10:29:49	2040	14	7	4	2
2072	2022-05-14 16:55:28	5100	88	110	39	2
2073	2021-09-09 16:27:34	2947	12	7	4	1
2074	2020-09-25 02:20:52	4959	70	5	5	2
2075	2020-03-13 02:12:34	1739	51	59	27	1
2076	2018-11-08 05:25:26	5035	54	209	76	5
2077	2022-10-13 06:05:52	2416	83	7	4	4
2078	2018-05-03 03:39:07	5384	35	154	54	4
2079	2016-04-16 02:09:58	5035	54	242	87	2
2080	2020-10-29 11:48:16	3070	39	141	52	3
2081	2019-07-29 23:47:36	7136	48	236	88	1
2082	2023-01-27 05:55:37	7812	5	6	2	1
2083	2023-05-10 18:56:11	1529	28	154	55	3
2084	2018-06-27 01:06:56	9266	36	151	53	2
2085	2021-12-02 13:13:31	1739	51	235	89	4
2086	2022-11-18 17:39:12	3636	71	105	41	2
2087	2021-11-14 13:46:59	3862	29	116	43	2
2088	2023-01-21 10:33:45	528	33	116	43	3
2089	2019-11-28 10:19:03	9683	87	200	79	1
2090	2021-12-27 00:32:17	8312	13	248	91	1
2091	2021-10-03 18:17:36	3070	39	97	37	2
2092	2022-12-10 21:30:09	5704	49	160	60	5
2093	2023-04-17 18:46:16	1266	63	98	34	5
2094	2023-02-22 12:17:55	2040	14	205	80	2
2095	2020-12-31 02:41:12	4388	50	276	100	2
2096	2020-07-19 20:13:42	8865	99	203	81	3
2097	2022-09-19 17:23:11	4423	32	160	60	2
2098	2020-06-30 10:59:42	7716	42	173	65	1
2099	2019-12-15 11:10:57	1407	56	53	22	3
2100	2023-05-27 06:59:04	6612	69	97	37	3
2101	2023-04-28 15:52:10	4328	43	154	55	4
2102	2023-05-08 07:54:14	1704	89	205	80	1
2103	2023-01-30 17:26:56	8312	13	6	2	4
2104	2020-02-27 09:02:06	8268	16	23	15	5
2105	2019-04-12 17:47:51	2022	41	203	81	5
2106	2022-12-27 16:55:06	619	76	7	4	5
2107	2021-09-09 17:26:14	1407	56	262	96	5
2108	2017-12-18 04:41:23	4959	70	203	81	5
2109	2022-07-18 05:30:51	5100	88	110	40	5
2110	2019-02-21 00:22:36	446	15	218	84	4
2111	2022-11-19 18:56:35	675	21	264	93	2
2112	2023-02-26 09:23:36	2040	14	7	4	2
2113	2022-09-28 00:38:10	619	76	205	80	1
2114	2019-03-24 05:33:06	6412	23	148	57	2
2115	2019-02-07 22:23:05	6412	23	148	57	4
2116	2022-10-29 03:39:44	9234	38	164	61	4
2117	2023-04-24 05:47:41	237	80	98	34	5
2118	2023-02-13 21:05:56	1493	84	115	47	2
2119	2021-01-27 05:11:40	7729	72	162	59	5
2120	2022-10-16 21:38:32	2040	14	7	4	2
2121	2023-02-12 00:47:05	2022	41	203	81	2
2122	2019-01-24 19:29:14	564	73	115	46	3
2123	2018-10-09 09:56:21	6412	23	203	81	3
2124	2022-11-26 04:55:59	13	24	115	46	5
2125	2020-11-02 13:31:58	8770	18	7	4	2
2126	2023-06-05 11:02:02	6847	40	164	61	5
2127	2023-05-24 19:41:05	564	73	115	47	4
2128	2023-03-21 02:53:49	1213	46	34	17	1
2129	2023-02-20 08:07:18	5991	17	160	60	3
2130	2017-01-29 02:14:43	1739	51	191	74	5
2131	2023-06-05 13:57:50	1266	63	98	34	4
2132	2016-08-30 13:55:30	6612	69	218	84	5
2133	2022-01-07 23:21:58	3236	3	214	83	2
2134	2021-10-16 23:40:51	3207	57	147	58	2
2135	2022-11-16 14:31:17	7542	85	116	43	5
2136	2021-06-22 19:18:56	8268	16	199	78	2
2137	2020-12-16 17:56:31	2644	1	13	9	5
2138	2019-02-22 05:42:27	4375	55	148	57	2
2139	2017-10-20 10:29:13	6660	59	188	71	3
2140	2023-04-25 00:05:04	2947	12	205	80	3
2141	2022-09-16 18:57:41	8268	16	111	44	2
2142	2019-11-10 12:58:39	9611	19	13	9	1
2143	2023-03-29 20:02:37	5035	54	22	8	4
2144	2020-03-01 17:37:44	7295	53	148	57	4
2145	2019-10-16 03:24:09	6412	23	203	81	5
2146	2022-06-25 07:21:36	9611	19	156	64	2
2147	2022-09-19 21:37:03	9026	27	164	61	1
2148	2020-11-12 06:28:37	9266	36	151	53	5
2149	2021-06-15 20:26:40	9611	19	167	66	5
2150	2023-03-25 01:39:47	7729	72	118	42	4
2151	2021-08-16 06:40:12	9003	34	34	17	2
2152	2021-11-16 12:01:33	1914	77	59	27	3
2153	2021-12-04 21:02:10	4622	8	116	43	1
2154	2023-05-29 02:16:47	9234	38	32	14	3
2155	2023-05-14 20:51:17	1492	98	199	78	5
2156	2022-12-08 13:36:05	2867	66	59	28	3
2157	2020-09-13 00:54:08	7812	5	61	24	3
2158	2017-09-18 01:18:59	2481	100	248	91	1
2159	2023-03-20 06:10:21	8770	18	205	80	4
2160	2021-09-17 21:15:30	4622	8	105	41	2
2161	2021-10-19 15:05:37	3236	3	214	83	5
2162	2023-01-04 17:09:08	1914	77	59	28	1
2163	2022-11-12 11:01:25	5704	49	61	24	5
2164	2023-05-10 09:23:37	369	93	98	34	2
2165	2022-11-19 06:11:37	7542	85	6	2	1
2166	2023-02-06 18:25:38	478	62	205	80	4
2167	2022-04-30 14:52:19	7716	42	129	49	3
2168	2021-12-01 10:18:34	3862	29	116	43	3
2169	2020-01-08 13:22:40	1493	84	236	88	4
2170	2022-08-15 15:11:09	7651	44	205	80	2
2171	2019-02-19 21:05:04	9683	87	79	32	4
2172	2022-05-06 02:27:44	4090	74	214	83	5
2173	2022-02-07 19:00:53	1492	98	34	17	1
2174	2018-01-02 19:37:54	5991	17	248	91	4
2175	2022-08-01 02:01:52	5384	35	66	23	4
2176	2023-04-27 09:51:00	9779	6	13	10	5
2177	2022-02-25 18:07:46	478	62	7	4	3
2178	2022-07-16 21:33:25	1407	56	97	37	4
2179	2023-02-25 08:45:41	1739	51	59	28	4
2180	2021-04-06 07:48:51	6460	64	53	22	1
2181	2021-04-11 09:30:30	1914	77	235	89	2
2182	2019-03-08 21:40:44	2034	10	34	17	3
2183	2022-08-24 11:12:41	1739	51	59	28	1
2184	2022-10-01 12:53:17	8684	26	156	64	2
2185	2023-05-20 03:16:00	1739	51	213	85	5
2186	2015-12-19 01:16:41	9266	36	261	92	1
2187	2023-03-29 22:08:51	5952	30	7	4	2
2188	2023-02-26 07:49:42	9699	78	272	98	3
2189	2023-01-22 10:08:36	5704	49	160	60	4
2190	2021-03-19 05:26:05	7542	85	105	41	2
2191	2020-02-11 17:46:33	7812	5	105	41	2
2192	2022-04-24 11:43:11	4419	91	212	82	1
2193	2019-08-08 19:57:08	8128	58	61	24	5
2194	2021-04-04 09:20:16	1266	63	208	77	2
2195	2023-03-03 11:05:39	4328	43	253	90	1
2196	2022-03-30 19:43:18	7136	48	148	57	3
2197	2019-03-23 02:06:14	4959	70	148	57	5
2198	2022-10-01 16:41:34	8108	22	46	21	2
2199	2021-06-06 10:39:58	4622	8	105	41	5
2200	2019-02-07 14:36:15	1492	98	155	62	4
2201	2023-02-09 04:58:56	13	24	115	47	4
2202	2018-12-20 16:13:55	237	80	208	77	5
2203	2020-11-11 16:02:57	4328	43	99	33	1
2204	2021-01-19 20:08:22	6602	61	97	37	5
2205	2023-06-02 19:13:24	6847	40	32	14	3
2206	2022-11-12 06:31:31	2040	14	7	4	3
2207	2023-04-15 21:21:30	9234	38	98	34	4
2208	2022-12-11 23:08:28	2075	31	115	46	2
2209	2019-08-01 02:20:17	8108	22	178	69	5
2210	2022-06-15 07:18:19	401	97	147	58	1
2211	2019-07-15 21:04:38	6602	61	218	84	3
2212	2023-02-08 06:43:43	3636	71	116	43	3
2213	2021-12-15 14:33:31	13	24	214	83	4
2214	2022-11-09 22:23:52	478	62	205	80	2
2215	2023-05-25 04:13:19	564	73	170	67	1
2216	2023-05-10 20:32:34	2466	2	52	20	3
2217	2022-11-07 04:14:42	8312	13	160	60	3
2218	2019-11-03 21:14:31	7630	81	167	66	2
2219	2020-06-10 12:34:56	1493	84	5	5	5
2220	2022-12-22 07:35:20	9734	52	205	80	5
2221	2023-04-26 09:47:14	1266	63	98	34	5
2222	2021-06-19 00:51:06	1385	60	178	70	1
2223	2023-05-27 07:22:25	7542	85	6	2	5
2224	2021-10-03 13:19:22	8684	26	46	21	2
2225	2019-10-09 08:50:25	8268	16	111	44	3
2226	2022-08-06 10:01:02	3070	39	262	96	5
2227	2021-10-28 04:06:05	8268	16	89	35	1
2228	2020-03-21 11:17:17	2040	14	7	4	3
2229	2021-10-22 09:33:13	2034	10	188	72	1
2230	2023-05-14 08:30:24	13	24	214	83	4
2231	2022-12-06 03:25:12	8108	22	266	99	2
2232	2018-07-07 13:41:09	1493	84	203	81	1
2233	2021-01-07 02:32:49	6460	64	141	52	3
2234	2022-10-24 09:59:53	9611	19	13	10	3
2235	2020-12-29 21:43:20	7403	65	154	54	3
2236	2020-11-29 15:41:55	7716	42	19	7	2
2237	2023-01-12 18:19:42	9734	52	7	4	2
2238	2021-03-25 17:35:26	1868	25	218	84	5
2239	2022-10-28 08:45:43	1704	89	205	80	3
2240	2022-11-05 00:55:07	6130	79	162	59	4
2241	2023-04-14 19:34:22	4423	32	105	41	2
2242	2022-01-10 19:50:40	7136	48	203	81	3
2243	2019-10-14 17:45:24	6460	64	141	52	3
2244	2018-03-17 13:50:23	8108	22	79	31	3
2245	2017-06-04 07:57:23	528	33	248	91	2
2246	2022-10-09 17:36:17	401	97	147	58	2
2247	2016-12-31 07:59:56	2867	66	191	74	5
2248	2022-03-17 21:16:28	1481	94	164	61	3
2249	2020-09-03 16:37:51	1868	25	218	84	1
2250	2020-12-28 21:48:59	6460	64	9	6	5
2251	2023-04-01 05:28:55	2481	100	160	60	3
2252	2018-08-12 03:04:30	446	15	218	84	4
2253	2022-09-12 00:31:15	8770	18	205	80	3
2254	2023-03-27 07:43:16	5035	54	11	1	5
2255	2022-08-11 00:26:02	3070	39	130	50	5
2256	2022-12-16 04:54:31	4622	8	116	43	5
2257	2020-09-26 02:31:00	2176	11	7	4	1
2258	2023-04-09 04:06:09	9234	38	98	34	1
2259	2022-06-23 08:53:41	9026	27	164	61	4
2260	2022-08-22 08:21:04	5704	49	6	2	5
2261	2021-12-14 08:51:31	1407	56	262	96	1
2262	2022-04-20 09:22:56	8268	16	111	44	3
2263	2020-02-29 06:00:22	369	93	10	3	2
2264	2022-03-27 08:20:27	1385	60	156	64	3
2265	2021-01-09 19:12:48	3207	57	59	27	4
2266	2021-11-28 12:18:22	3207	57	147	58	1
2267	2023-05-11 12:31:16	2867	66	59	28	2
2268	2022-04-26 23:45:06	5991	17	248	91	3
2269	2020-03-24 17:57:12	1492	98	23	15	2
2270	2023-05-18 21:07:24	1914	77	213	85	3
2271	2022-06-11 23:09:30	2481	100	6	2	5
2272	2023-06-03 02:32:12	5704	49	160	60	4
2273	2023-05-04 04:47:30	675	21	110	40	5
2274	2020-02-01 04:20:48	1213	46	111	44	1
2275	2021-10-30 06:37:06	2532	47	129	49	2
2276	2023-03-15 07:51:38	3862	29	6	2	3
2277	2015-10-03 17:33:48	446	15	53	22	4
2278	2019-11-17 00:25:39	2310	20	272	97	5
2279	2023-04-23 17:56:53	1118	92	154	55	2
2280	2019-07-19 03:54:21	7630	81	178	69	5
2281	2021-06-19 12:26:54	5100	88	242	87	5
2282	2020-11-20 06:26:50	1492	98	254	94	3
2283	2019-06-06 20:31:45	5384	35	154	54	5
2284	2020-07-20 05:08:32	1385	60	79	32	5
2285	2021-10-25 06:18:47	7295	53	148	57	5
2286	2022-12-28 12:45:30	564	73	115	47	4
2287	2022-10-11 08:22:14	9699	78	129	49	5
2288	2022-11-11 10:10:01	478	62	205	80	1
2289	2023-04-17 16:51:43	237	80	98	34	3
2290	2017-04-23 12:14:06	6130	79	272	97	1
2291	2021-12-21 04:25:11	3299	75	146	56	4
2292	2023-06-03 13:36:47	1266	63	32	14	3
2293	2022-02-02 20:03:35	6647	67	212	82	4
2294	2021-10-28 08:11:34	6602	61	130	50	5
2295	2022-08-16 01:46:19	4388	50	56	25	5
2296	2022-03-13 00:28:07	2644	1	90	36	3
2297	2023-03-09 03:44:24	6024	96	205	80	1
2298	2023-03-19 11:11:35	8128	58	160	60	3
2299	2020-09-01 17:28:28	7651	44	7	4	2
2300	2022-12-08 03:11:11	9611	19	266	99	1
2301	2021-12-05 07:29:29	2040	14	7	4	5
2302	2021-07-24 19:48:52	1481	94	208	77	1
2303	2018-01-26 02:54:51	2034	10	111	44	4
2304	2023-05-01 19:00:38	6024	96	7	4	4
2305	2020-06-16 12:35:41	2022	41	115	46	2
2306	2022-03-26 07:15:55	3070	39	141	52	1
2307	2020-08-12 03:25:42	1213	46	276	100	2
2308	2023-05-21 15:31:48	9779	6	178	70	3
2309	2022-04-19 12:43:44	5384	35	110	39	4
2310	2019-09-03 09:27:45	8128	58	105	41	4
2311	2022-12-02 07:13:54	4622	8	6	2	2
2312	2023-02-06 17:40:05	2075	31	115	47	5
2313	2022-02-13 00:11:08	2040	14	7	4	4
2314	2020-09-03 00:35:59	2466	2	52	20	1
2315	2019-01-04 10:36:55	4959	70	203	81	2
2316	2022-09-28 05:52:40	13	24	236	88	4
2317	2019-06-27 15:04:54	9611	19	178	69	5
2318	2022-10-30 20:25:02	2034	10	89	35	4
2319	2020-01-22 22:32:03	3862	29	61	24	4
2320	2023-04-25 04:24:13	5100	88	110	40	5
2321	2023-03-31 07:41:13	5343	90	261	92	3
2322	2022-06-05 14:31:48	5035	54	110	40	4
2323	2022-03-28 06:02:08	6130	79	272	97	5
2324	2022-11-18 00:08:27	2947	12	205	80	4
2325	2020-10-05 15:50:52	7542	85	248	91	1
2326	2015-09-25 03:48:48	8684	26	200	79	1
2327	2022-12-18 19:53:32	3323	7	115	47	4
2328	2019-09-19 08:07:31	9779	6	167	66	2
2329	2015-11-29 07:29:38	9779	6	200	79	3
2330	2018-07-27 00:31:15	4423	32	248	91	4
2331	2023-05-20 01:15:20	369	93	98	34	2
2332	2023-02-17 14:31:48	4622	8	160	60	2
2333	2023-01-28 22:18:44	4622	8	160	60	3
2334	2018-03-12 10:08:13	1118	92	66	23	2
2335	2023-01-24 00:17:58	6660	59	276	100	3
2336	2022-04-19 17:47:10	401	97	59	27	1
2337	2022-03-14 02:22:08	8312	13	105	41	1
2338	2021-06-16 14:34:18	2644	1	79	32	1
2339	2019-11-05 00:14:33	4622	8	61	24	4
2340	2023-06-03 18:07:15	6431	37	25	16	5
2341	2023-04-16 12:56:46	2176	11	205	80	1
2342	2022-03-30 10:26:15	8108	22	90	36	4
2343	2023-03-13 06:28:33	6024	96	205	80	4
2344	2023-05-30 02:43:45	6431	37	25	16	1
2345	2022-05-28 03:01:44	1118	92	242	87	1
2346	2023-04-09 22:56:24	4959	70	214	83	4
2347	2022-01-16 07:08:25	9779	6	178	70	1
2348	2018-02-17 13:52:01	8108	22	79	31	2
2349	2023-05-06 09:31:16	7542	85	160	60	3
2350	2023-03-25 21:22:56	5952	30	205	80	3
2351	2019-09-25 18:05:22	3390	82	13	9	1
2352	2022-01-25 18:49:56	1213	46	89	35	3
2353	2023-04-17 05:02:30	2947	12	205	80	2
2354	2018-05-15 01:20:29	1493	84	115	46	5
2355	2021-03-29 22:58:23	6612	69	53	22	2
2356	2023-02-08 15:15:44	8268	16	34	17	5
2357	2023-05-23 06:05:29	2310	20	272	98	1
2358	2022-10-02 16:32:20	564	73	148	57	4
2359	2023-04-11 03:35:38	9026	27	98	34	4
2360	2020-04-12 11:52:08	5100	88	154	54	2
2361	2023-05-31 15:33:14	8289	86	32	14	4
2362	2021-09-18 22:48:52	3070	39	262	96	4
2363	2017-11-23 14:54:10	6431	37	223	86	3
2364	2021-05-28 23:20:08	5035	54	88	30	5
2365	2022-01-04 17:44:22	6024	96	7	4	2
2366	2023-04-14 22:28:04	2040	14	205	80	4
2367	2017-08-30 00:51:29	4959	70	115	46	5
2368	2023-05-31 07:12:37	3862	29	6	2	1
2369	2023-01-07 23:56:36	5952	30	205	80	4
2370	2023-05-28 00:48:53	6847	40	32	14	2
2371	2022-10-06 17:15:49	1704	89	205	80	4
2372	2022-09-21 12:38:20	8770	18	205	80	3
2373	2023-05-22 22:21:37	7136	48	170	67	2
2374	2020-08-08 17:07:46	2040	14	7	4	4
2375	2022-05-22 22:52:00	9026	27	164	61	4
2376	2023-05-22 09:54:00	564	73	170	67	2
2377	2020-05-29 15:30:20	2022	41	5	5	5
2378	2019-05-20 10:26:19	3323	7	148	57	1
2379	2023-04-23 23:19:31	2532	47	184	68	5
2380	2020-07-06 12:33:15	6602	61	141	52	2
2381	2020-06-21 22:32:19	6024	96	7	4	1
2382	2021-05-16 05:20:06	6460	64	97	37	5
2383	2023-03-16 16:19:06	7542	85	160	60	5
2384	2021-05-22 19:20:36	7136	48	148	57	3
2385	2022-04-29 19:42:13	3070	39	130	50	3
2386	2018-11-15 11:50:01	9266	36	173	65	3
2387	2019-01-03 03:06:48	7716	42	173	65	4
2388	2023-01-24 23:17:08	4388	50	56	25	3
2389	2022-11-29 02:22:02	4419	91	256	95	1
2390	2021-01-31 17:52:27	6024	96	7	4	2
2391	2023-03-14 03:36:09	2947	12	7	4	5
2392	2021-02-15 09:28:37	9699	78	162	59	5
2393	2019-07-19 04:02:58	8312	13	61	24	5
2394	2022-05-18 05:26:18	478	62	7	4	2
2395	2023-01-25 04:54:30	2644	1	13	10	5
2396	2022-09-02 10:49:06	2644	1	90	36	2
2397	2016-05-24 06:31:11	9699	78	52	19	1
2398	2023-05-30 01:53:33	3953	4	170	67	3
2399	2023-04-08 12:31:18	6660	59	111	44	5
2400	2017-06-12 00:35:39	4423	32	248	91	1
2401	2020-08-09 19:50:59	3862	29	248	91	2
2402	2022-09-02 17:17:13	369	93	164	61	5
2403	2022-07-07 08:29:16	8128	58	6	2	5
2404	2023-02-08 02:30:39	1529	28	253	90	3
2405	2021-05-05 11:09:00	9026	27	10	3	4
2406	2022-07-08 11:04:58	1739	51	191	75	2
2407	2021-09-05 09:10:50	9234	38	10	3	2
2408	2021-01-02 02:19:02	3323	7	115	46	4
2409	2018-10-07 15:14:58	8865	99	115	46	3
2410	2023-02-19 11:19:47	4622	8	160	60	2
2411	2022-11-23 04:06:21	619	76	205	80	4
2412	2017-01-08 06:17:55	7729	72	52	19	5
2413	2016-08-09 01:01:25	2310	20	52	19	1
2414	2022-02-05 18:12:40	2481	100	116	43	1
2415	2023-03-10 15:38:47	2040	14	205	80	3
2416	2016-09-03 20:47:10	3299	75	14	11	3
2417	2020-12-02 08:14:50	564	73	5	5	4
2418	2021-08-23 00:40:02	6460	64	130	50	5
2419	2021-07-30 22:58:23	6847	40	10	3	2
2420	2015-11-08 10:09:56	6431	37	223	86	5
2421	2023-02-03 10:43:44	8128	58	6	2	5
2422	2022-10-12 19:05:35	3390	82	13	10	5
2423	2020-03-15 03:17:50	7295	53	203	81	1
2424	2021-04-23 22:26:13	5035	54	99	33	1
2425	2021-12-31 20:32:34	4622	8	116	43	4
2426	2015-08-10 23:35:19	3070	39	53	22	1
2427	2022-04-13 02:08:33	1529	28	110	39	2
2428	2023-01-24 04:02:29	6647	67	212	82	2
2429	2021-05-25 07:13:36	4375	55	148	57	4
2430	2020-04-02 03:30:29	3299	75	223	86	5
2431	2021-08-02 22:36:43	1213	46	89	35	5
2432	2023-01-06 15:20:09	4959	70	214	83	3
2433	2023-04-03 16:58:12	6460	64	9	6	5
2434	2021-03-22 15:28:53	2867	66	114	48	3
2435	2023-05-27 03:38:04	9683	87	167	66	3
2436	2023-01-25 08:57:55	3862	29	160	60	1
2437	2021-03-28 08:53:28	1481	94	208	77	5
2438	2020-08-11 01:00:22	7812	5	105	41	2
2439	2022-03-17 10:51:31	6647	67	14	11	2
2440	2018-06-08 08:50:14	401	97	191	74	5
2441	2019-03-12 16:20:54	7716	42	129	49	3
2442	2022-06-03 02:23:59	7136	48	5	5	3
2443	2022-12-16 01:37:00	6024	96	205	80	3
2444	2023-03-15 10:56:33	9026	27	208	77	5
2445	2023-04-29 16:18:05	4090	74	115	47	2
2446	2020-10-25 17:58:03	2034	10	276	100	1
2447	2023-02-19 02:55:09	1492	98	199	78	2
2448	2022-12-26 19:05:45	478	62	205	80	1
2449	2022-12-31 22:52:37	369	93	164	61	3
2450	2022-07-21 00:31:59	4388	50	67	29	1
2451	2022-11-18 22:26:08	8312	13	160	60	2
2452	2022-04-28 04:10:41	5343	90	129	49	4
2453	2017-08-02 11:25:46	564	73	115	46	3
2454	2023-03-05 22:15:12	6460	64	53	22	4
2455	2023-06-04 12:26:06	8128	58	160	60	4
2456	2020-09-02 19:31:17	4328	43	99	33	4
2457	2020-10-07 11:31:22	1914	77	59	27	5
2458	2023-04-01 05:47:11	619	76	205	80	3
2459	2022-06-04 03:32:37	4388	50	254	94	1
2460	2017-06-07 08:25:16	3236	3	115	46	4
2461	2021-12-09 00:30:33	7729	72	19	7	3
2462	2023-04-21 09:26:19	6602	61	130	50	5
2463	2016-07-23 09:11:15	6431	37	14	11	5
2464	2018-10-27 20:37:01	7716	42	30	13	4
2465	2023-05-28 03:49:39	1481	94	32	14	3
2466	2022-08-29 15:51:48	2532	47	162	59	4
2467	2019-06-21 03:21:42	3323	7	115	46	1
2468	2022-08-27 16:47:26	7295	53	203	81	3
2469	2017-10-17 04:17:42	2867	66	235	89	5
2470	2015-10-17 00:15:43	7403	65	22	8	3
2471	2023-03-26 19:37:43	2310	20	173	65	4
2472	2020-11-03 14:33:43	1493	84	203	81	3
2473	2021-03-19 07:25:21	4423	32	105	41	1
2474	2020-11-23 07:43:47	8684	26	46	21	4
2475	2022-12-30 00:11:38	4375	55	115	47	2
2476	2019-12-07 12:35:35	675	21	88	30	2
2477	2022-10-23 21:51:27	1407	56	130	50	2
2478	2021-07-08 22:48:13	2034	10	254	94	3
2479	2021-07-09 06:55:59	5343	90	118	42	1
2480	2023-06-05 05:17:14	6602	61	130	50	3
2481	2023-05-30 17:20:12	2176	11	205	80	3
2482	2021-05-08 05:23:09	1868	25	97	37	5
2483	2017-05-05 18:44:32	7729	72	52	19	1
2484	2022-09-15 14:45:50	1704	89	205	80	2
2485	2022-01-11 01:56:44	1493	84	236	88	1
2486	2022-11-01 21:03:21	9003	34	34	17	2
2487	2021-05-03 10:25:49	9003	34	111	44	2
2488	2018-05-25 20:34:57	7136	48	236	88	2
2489	2019-09-08 19:07:54	8312	13	248	91	3
2490	2022-12-07 09:51:50	1266	63	164	61	1
2491	2018-06-15 08:05:10	4090	74	236	88	3
2492	2021-09-25 21:34:48	2644	1	178	70	2
2493	2017-05-30 00:56:22	7403	65	110	38	5
2494	2020-11-14 05:56:23	3323	7	115	46	3
2495	2023-06-04 21:41:02	9779	6	13	10	2
2496	2023-05-05 02:06:26	3390	82	178	70	1
2497	2022-01-13 14:03:17	3299	75	146	56	5
2498	2023-04-18 13:37:03	3323	7	203	81	2
2499	2023-05-24 17:07:47	8020	95	98	34	3
2500	2019-08-20 07:22:23	3299	75	223	86	4
2501	2017-12-02 01:10:17	6460	64	141	52	4
2502	2023-03-08 10:15:04	9611	19	90	36	3
2503	2021-11-14 06:27:58	7403	65	99	33	2
2504	2016-06-06 06:20:52	446	15	53	22	4
2505	2023-04-09 13:54:36	1868	25	262	96	5
2506	2022-08-04 18:21:24	5991	17	160	60	1
2507	2022-10-18 22:58:32	2022	41	214	83	3
2508	2023-04-09 07:18:05	2176	11	205	80	4
2509	2022-04-28 14:30:34	6602	61	53	22	1
2510	2021-07-12 03:04:31	6847	40	208	77	5
2511	2022-09-08 05:18:07	6024	96	205	80	2
2512	2023-03-14 12:19:00	6130	79	129	49	3
2513	2022-06-07 00:00:33	237	80	208	77	5
2514	2015-12-31 08:33:20	3070	39	141	52	1
2515	2021-07-22 08:41:40	5343	90	129	49	1
2516	2021-10-08 02:09:06	4388	50	254	94	4
2517	2022-11-22 11:34:09	6660	59	276	100	5
2518	2016-09-20 11:27:55	9611	19	200	79	5
2519	2022-03-23 17:52:46	4328	43	66	23	4
2520	2019-10-18 12:30:30	1529	28	22	8	3
2521	2023-05-30 10:41:59	3207	57	213	85	1
2522	2021-11-27 12:27:59	9266	36	272	97	3
2523	2019-12-30 03:34:42	5384	35	11	1	4
2524	2020-08-09 20:06:08	8865	99	148	57	3
2525	2021-12-13 06:01:01	2040	14	7	4	1
2526	2022-04-13 06:54:48	1481	94	164	61	4
2527	2019-04-14 19:55:41	4388	50	155	62	5
2528	2022-11-19 20:50:41	3299	75	113	45	1
2529	2018-02-09 13:56:23	5947	9	66	23	5
2530	2019-04-18 02:33:16	1118	92	88	30	3
2531	2018-10-10 18:49:40	9266	36	261	92	1
2532	2017-08-12 01:06:13	401	97	114	48	2
2533	2021-11-07 04:49:15	8289	86	10	3	4
2534	2022-04-08 00:44:45	1385	60	156	64	1
2535	2022-07-31 13:46:35	8770	18	7	4	3
2536	2023-03-19 04:29:26	9611	19	13	10	4
2537	2023-05-26 18:41:28	9234	38	32	14	1
2538	2022-06-17 04:26:18	7812	5	6	2	3
2539	2022-08-27 00:27:28	3390	82	156	64	4
2540	2021-12-09 00:45:10	564	73	214	83	3
2541	2020-10-31 07:06:15	6612	69	218	84	4
2542	2023-04-20 06:11:53	7630	81	266	99	4
2543	2019-12-07 21:08:35	3323	7	203	81	2
2544	2022-07-21 05:49:07	4419	91	190	73	5
2545	2020-03-26 21:21:59	619	76	7	4	4
2546	2022-11-07 05:08:41	619	76	205	80	5
2547	2022-09-25 03:09:49	5991	17	160	60	1
2548	2022-11-11 22:06:33	2466	2	19	7	4
2549	2021-09-07 10:18:09	1704	89	7	4	5
2550	2022-09-09 13:11:41	7542	85	61	24	5
2551	2022-06-04 07:40:12	2075	31	115	46	2
2552	2022-11-23 22:35:20	8128	58	160	60	3
2553	2021-11-02 07:25:43	4375	55	5	5	1
2554	2022-09-11 01:08:13	7651	44	7	4	3
2555	2018-08-30 17:41:24	8108	22	79	31	2
2556	2020-10-04 21:34:54	675	21	88	30	3
2557	2020-11-22 09:51:04	2416	83	7	4	5
2558	2022-09-03 09:55:20	528	33	160	60	4
2559	2022-05-09 00:45:10	6660	59	23	15	3
2560	2020-10-24 03:16:05	369	93	10	3	5
2561	2019-12-25 22:37:56	6460	64	141	52	4
2562	2022-12-21 02:57:32	6460	64	130	50	1
2563	2020-04-08 10:44:45	6847	40	208	77	5
2564	2018-03-26 21:09:56	5343	90	261	92	5
2565	2018-09-15 06:58:20	5991	17	248	91	4
2566	2018-01-03 03:12:55	9266	36	52	20	4
2567	2018-08-20 00:33:38	7630	81	79	31	5
2568	2022-01-06 00:43:09	3207	57	59	27	1
2569	2020-02-10 07:08:59	528	33	61	24	2
2570	2022-05-06 00:23:29	2034	10	89	35	4
2571	2020-07-21 16:20:30	2075	31	115	46	1
2572	2022-05-02 15:23:30	8128	58	6	2	4
2573	2020-12-19 21:37:09	6024	96	7	4	1
2574	2020-01-24 03:35:00	9734	52	7	4	2
2575	2018-08-03 21:04:57	3299	75	36	18	2
2576	2023-02-01 04:13:51	1914	77	191	75	3
2577	2021-06-21 19:29:32	478	62	7	4	5
2578	2022-11-07 13:46:37	478	62	205	80	1
2579	2022-09-24 16:10:25	5991	17	116	43	5
2580	2021-12-21 15:59:28	1704	89	7	4	5
2581	2023-03-03 11:49:58	9779	6	266	99	5
2582	2017-05-03 16:29:33	5343	90	52	19	3
2583	2022-03-30 14:02:55	3953	4	5	5	5
2584	2021-04-08 13:53:01	369	93	10	3	1
2585	2022-01-22 22:37:46	1493	84	214	83	2
2586	2022-06-06 16:57:23	5384	35	264	93	5
2587	2021-01-29 12:00:03	5035	54	209	76	1
2588	2023-05-26 17:36:21	2310	20	173	65	5
2589	2020-05-06 07:46:09	8128	58	61	24	2
2590	2023-04-05 03:12:36	237	80	164	61	4
2591	2019-07-02 08:04:38	7403	65	88	30	2
2592	2016-07-30 02:34:02	7716	42	52	19	2
2593	2019-11-13 05:09:26	7729	72	52	20	1
2594	2019-02-22 05:02:05	5384	35	110	38	5
2595	2018-06-19 08:39:02	8312	13	248	91	2
2596	2023-04-10 21:36:41	1868	25	53	22	1
2597	2023-03-27 06:44:12	6024	96	205	80	4
2598	2023-01-20 07:04:18	4423	32	61	24	5
2599	2022-02-24 19:34:45	8312	13	248	91	5
2600	2023-05-01 00:53:23	9234	38	98	34	2
2601	2016-12-10 04:30:11	1213	46	188	71	5
2602	2022-11-21 15:48:14	528	33	6	2	4
2603	2021-09-12 15:29:23	5947	9	11	1	2
2604	2023-06-02 12:33:09	2481	100	248	91	4
2605	2022-03-12 00:13:36	5991	17	116	43	5
2606	2023-03-01 14:21:37	9611	19	266	99	4
2607	2023-04-01 05:41:01	2022	41	170	67	2
2608	2020-04-25 15:27:14	619	76	7	4	1
2609	2021-12-15 00:28:32	7295	53	148	57	1
2610	2022-12-04 19:42:02	13	24	203	81	5
2611	2022-11-18 16:02:47	1492	98	155	62	3
2612	2021-03-07 02:22:01	1213	46	188	72	4
2613	2020-02-10 11:41:19	2481	100	61	24	3
2614	2022-04-02 21:25:40	1492	98	188	72	4
2615	2021-10-22 22:54:27	7136	48	148	57	4
2616	2020-09-05 01:57:50	9779	6	57	26	4
2617	2021-10-08 16:29:15	8770	18	7	4	3
2618	2017-01-28 23:52:56	2867	66	191	74	3
2619	2021-05-08 03:54:30	2466	2	19	7	4
2620	2021-10-17 17:18:35	9779	6	156	63	2
2621	2023-05-04 16:33:41	9734	52	205	80	3
2622	2023-05-28 13:27:35	401	97	213	85	3
2623	2020-05-04 16:41:43	1739	51	114	48	2
2624	2022-09-25 01:38:01	2034	10	67	29	3
2625	2020-02-21 17:36:59	675	21	110	38	5
2626	2022-12-06 19:50:22	4622	8	160	60	1
2627	2018-05-11 16:39:39	9683	87	79	31	3
2628	2022-12-26 14:35:11	9779	6	13	10	4
2629	2020-02-22 01:28:42	5991	17	105	41	3
2630	2022-09-11 09:23:38	5384	35	110	40	5
2631	2021-12-19 22:55:54	2681	68	236	88	3
2632	2017-09-12 23:13:01	5947	9	242	87	3
2633	2022-12-06 01:17:25	4959	70	148	57	5
2634	2023-02-25 10:08:32	7812	5	160	60	5
2635	2019-06-05 15:01:33	9699	78	151	53	2
2636	2020-02-17 05:06:44	5952	30	7	4	3
2637	2017-11-22 11:40:36	1493	84	236	88	3
2638	2022-07-08 11:46:48	478	62	7	4	4
2639	2022-01-04 19:50:33	1481	94	208	77	2
2640	2023-03-18 09:57:46	619	76	205	80	3
2641	2022-12-09 22:36:22	2416	83	205	80	5
2642	2021-05-06 17:01:22	2176	11	7	4	4
2643	2021-11-15 17:16:04	7812	5	61	24	3
2644	2022-11-06 07:01:52	1118	92	253	90	2
2645	2022-09-24 04:54:53	8312	13	6	2	5
2646	2021-02-06 08:54:13	6612	69	97	37	2
2647	2023-05-26 06:57:15	8289	86	32	14	4
2648	2022-12-11 00:29:49	7542	85	160	60	1
2649	2022-01-24 18:42:45	1407	56	53	22	2
2650	2021-10-06 22:44:17	7729	72	173	65	3
2651	2022-02-22 02:05:05	9003	34	23	15	2
2652	2023-06-03 18:25:16	1266	63	32	14	3
2653	2022-07-22 02:50:49	3070	39	9	6	5
2654	2017-04-11 00:10:41	2867	66	191	74	4
2655	2022-09-27 14:19:57	8108	22	46	21	2
2656	2023-04-25 23:01:06	1914	77	59	28	2
2657	2023-04-13 05:52:11	2075	31	115	47	2
2658	2015-12-19 15:05:00	2310	20	129	49	1
2659	2020-04-01 18:22:16	5952	30	7	4	3
2660	2022-05-09 08:38:19	5947	9	110	39	5
2661	2020-09-06 04:32:00	9683	87	79	32	5
2662	2019-07-13 01:24:31	9779	6	178	69	1
2663	2022-10-27 13:39:47	2947	12	205	80	2
2664	2018-03-29 12:15:25	1385	60	79	31	5
2665	2022-08-02 12:30:58	7295	53	214	83	1
2666	2018-02-22 20:34:42	3323	7	203	81	1
2667	2020-09-18 10:39:31	8128	58	61	24	3
2668	2023-02-16 02:01:56	2867	66	59	28	3
2669	2020-06-04 07:19:57	2416	83	7	4	2
2670	2017-07-02 22:47:31	6647	67	223	86	4
2671	2019-07-20 06:48:52	9683	87	178	69	1
2672	2020-07-14 20:18:54	3299	75	135	51	1
2673	2022-06-27 02:30:34	6602	61	97	37	3
2674	2021-06-04 08:41:06	1493	84	214	83	4
2675	2023-04-30 14:49:45	6460	64	130	50	2
2676	2021-03-22 18:14:21	6460	64	218	84	1
2677	2022-12-21 07:06:00	478	62	205	80	4
2678	2021-04-28 03:26:02	1118	92	209	76	1
2679	2021-10-01 21:47:50	446	15	262	96	1
2680	2020-03-27 00:43:09	1385	60	79	32	2
2681	2020-07-09 09:58:13	1914	77	235	89	2
2682	2023-04-15 21:12:04	2075	31	170	67	1
2683	2022-02-21 05:32:03	7812	5	61	24	5
2684	2019-03-21 09:44:59	1493	84	115	46	1
2685	2023-01-07 03:12:53	8865	99	148	57	5
2686	2020-02-26 20:34:50	3390	82	46	21	5
2687	2023-05-12 04:55:05	8865	99	170	67	2
2688	2021-02-28 10:04:59	8770	18	7	4	2
2689	2022-12-13 01:04:08	9266	36	52	20	1
2690	2021-08-26 05:12:58	9234	38	10	3	3
2691	2023-05-18 12:14:15	6130	79	261	92	5
2692	2022-05-28 14:15:12	4622	8	116	43	2
2693	2023-03-30 10:38:32	1493	84	214	83	1
2694	2023-02-28 11:14:37	3299	75	14	12	3
2695	2022-02-18 21:35:18	1868	25	262	96	5
2696	2023-04-19 10:38:16	4423	32	160	60	5
2697	2020-09-08 09:58:49	9234	38	208	77	5
2698	2022-09-19 17:49:44	4419	91	256	95	1
2699	2020-06-17 17:06:19	1385	60	200	79	1
2700	2023-05-23 17:54:32	401	97	59	28	5
2701	2022-08-13 05:45:20	4375	55	214	83	2
2702	2023-04-19 12:30:46	6602	61	262	96	5
2703	2021-04-08 22:42:02	5384	35	88	30	4
2704	2023-01-17 14:57:19	2416	83	205	80	4
2705	2019-08-04 00:22:13	369	93	10	3	3
2706	2021-03-11 03:59:53	4419	91	146	56	1
2707	2018-11-12 07:22:22	4423	32	248	91	3
2708	2022-12-10 02:36:47	2644	1	13	10	2
2709	2021-12-20 16:18:12	1492	98	188	72	4
2710	2022-03-28 06:15:07	1868	25	9	6	3
2711	2023-03-03 22:53:47	3323	7	214	83	2
2712	2020-01-18 15:18:16	446	15	218	84	4
2713	2021-02-12 15:59:56	2416	83	7	4	2
2714	2021-06-10 06:16:12	1492	98	111	44	3
2715	2023-01-07 03:46:04	6024	96	205	80	3
2716	2019-04-24 10:00:41	5343	90	261	92	5
2717	2016-03-31 03:42:20	8684	26	200	79	5
2718	2020-04-10 01:38:15	4388	50	111	44	3
2719	2019-03-03 15:04:41	5947	9	99	33	4
2720	2019-07-03 19:16:34	9611	19	57	26	2
2721	2019-09-25 23:04:01	8865	99	236	88	3
2722	2021-09-23 16:28:42	8865	99	236	88	5
2723	2022-09-13 09:14:31	8108	22	13	10	5
2724	2022-04-19 09:37:48	1529	28	110	39	1
2725	2022-07-31 20:59:40	528	33	105	41	2
2726	2021-09-05 21:29:47	446	15	9	6	3
2727	2020-08-04 20:42:20	8770	18	7	4	4
2728	2023-05-01 13:37:07	3862	29	116	43	3
2729	2022-09-23 09:07:07	1385	60	178	70	5
2730	2023-01-04 05:27:44	9734	52	7	4	2
2731	2023-03-03 06:32:57	5100	88	242	87	3
2732	2022-03-16 02:19:56	1407	56	9	6	1
2733	2019-06-22 11:15:58	3390	82	178	69	3
2734	2021-04-19 11:46:51	1704	89	7	4	5
2735	2020-07-02 23:27:34	9779	6	13	9	5
2736	2021-01-23 01:27:03	9266	36	272	97	2
2737	2022-03-18 16:42:41	7403	65	154	54	3
2738	2019-12-19 19:21:18	3862	29	105	41	3
2739	2023-01-26 11:21:30	1529	28	99	33	4
2740	2020-02-11 09:14:58	9611	19	79	32	2
2741	2022-12-22 22:45:28	7812	5	160	60	3
2742	2023-05-12 18:35:46	6647	67	25	16	3
2743	2021-12-20 10:32:16	8770	18	7	4	2
2744	2023-04-14 19:10:30	13	24	170	67	2
2745	2023-02-21 09:01:03	619	76	205	80	5
2746	2019-12-07 23:53:45	6660	59	155	62	4
2747	2023-05-23 18:05:49	1914	77	213	85	1
2748	2019-03-01 06:53:28	1739	51	191	74	3
2749	2022-10-28 13:44:01	7651	44	205	80	3
2750	2018-09-05 10:11:28	9779	6	13	9	2
2751	2022-10-07 21:12:13	1914	77	147	58	1
2752	2023-05-10 09:19:12	2466	2	19	7	2
2753	2022-11-14 05:44:58	5704	49	6	2	2
2754	2021-09-05 11:08:52	1914	77	191	75	5
2755	2023-03-05 17:24:25	4388	50	56	25	3
2756	2021-04-19 10:47:14	7651	44	7	4	1
2757	2020-04-13 15:42:29	13	24	5	5	3
2758	2023-04-18 06:15:25	3323	7	115	47	5
2759	2023-02-09 11:50:15	5035	54	88	30	4
2760	2023-03-07 16:34:45	4423	32	160	60	4
2761	2023-05-13 06:40:09	2034	10	23	15	1
2762	2020-08-09 08:12:44	2040	14	7	4	5
2763	2022-11-04 11:20:27	446	15	9	6	2
2764	2020-04-20 19:23:17	7716	42	162	59	3
2765	2021-06-16 03:28:18	2681	68	203	81	4
2766	2023-03-28 13:06:34	8020	95	164	61	4
2767	2022-12-23 22:26:35	8128	58	116	43	4
2768	2021-01-01 11:25:09	4419	91	146	56	3
2769	2020-07-11 20:05:04	2075	31	236	88	1
2770	2022-12-19 16:02:15	6412	23	115	47	2
2771	2023-06-05 19:42:40	9026	27	98	34	3
2772	2018-03-28 11:23:26	7716	42	151	53	1
2773	2023-01-23 22:14:17	4090	74	115	47	4
2774	2022-05-31 16:21:37	9699	78	151	53	2
2775	2023-02-01 18:36:38	8770	18	205	80	4
2776	2020-05-31 17:37:52	7542	85	61	24	5
2777	2022-12-30 10:53:56	4375	55	203	81	1
2778	2022-05-17 10:30:12	1868	25	130	50	4
2779	2017-08-05 03:59:25	675	21	154	54	4
2780	2022-01-07 19:50:20	7651	44	7	4	1
2781	2021-10-23 17:00:36	7136	48	214	83	1
2782	2021-11-30 11:45:51	8268	16	34	17	3
2783	2020-04-07 13:06:53	1118	92	66	23	4
2784	2020-07-13 00:18:22	2034	10	276	100	2
2785	2020-05-04 09:59:03	7651	44	7	4	5
2786	2023-03-12 07:20:36	5343	90	272	98	2
2787	2021-12-06 12:29:38	4388	50	89	35	2
2788	2023-04-17 15:53:40	7651	44	205	80	5
2789	2023-05-21 08:01:31	6431	37	25	16	2
2790	2022-08-08 09:26:57	3323	7	148	57	2
2791	2023-01-11 14:35:21	6024	96	205	80	4
2792	2019-12-26 02:50:25	5343	90	184	68	5
2793	2023-03-08 17:00:46	9734	52	205	80	4
2794	2015-07-22 01:20:34	5947	9	22	8	1
2795	2022-09-03 21:50:32	4622	8	160	60	5
2796	2019-08-15 02:29:18	3390	82	178	70	5
2797	2023-03-06 11:37:38	3390	82	57	26	5
2798	2016-12-07 19:06:18	4622	8	248	91	3
2799	2022-10-15 20:12:32	9683	87	13	10	5
2800	2022-11-03 02:17:12	6130	79	184	68	3
2801	2021-11-11 00:31:39	8312	13	105	41	5
2802	2023-01-26 21:22:14	3953	4	115	47	5
2803	2021-02-02 11:27:27	1739	51	191	75	2
2804	2022-11-30 09:43:26	2867	66	59	28	2
2805	2022-12-11 23:16:16	5952	30	7	4	3
2806	2022-03-22 15:45:38	6460	64	262	96	4
2807	2018-05-10 20:53:04	1914	77	191	74	1
2808	2021-01-08 01:35:48	6024	96	7	4	1
2809	2022-09-16 09:58:54	5991	17	116	43	2
2810	2021-04-06 14:50:56	2532	47	162	59	1
2811	2022-05-08 16:09:21	7542	85	248	91	1
2812	2022-02-17 21:14:36	4423	32	116	43	4
2813	2022-03-02 22:08:07	1266	63	208	77	4
2814	2021-08-03 11:58:12	4090	74	203	81	3
2815	2021-02-19 15:49:53	2034	10	155	62	5
2816	2017-04-17 01:14:52	5035	54	22	8	3
2817	2019-03-10 13:54:53	5704	49	248	91	5
2818	2023-02-14 07:11:10	2176	11	205	80	1
2819	2023-04-24 16:48:05	2481	100	160	60	5
2820	2022-11-10 10:20:25	1704	89	205	80	5
2821	2022-09-07 07:18:05	6024	96	205	80	2
2822	2021-11-28 04:11:30	2022	41	5	5	5
2823	2023-05-31 07:50:07	8289	86	32	14	3
2824	2023-03-16 20:42:33	2947	12	205	80	2
2825	2022-11-27 03:17:25	2040	14	205	80	1
2826	2021-03-12 05:44:02	2867	66	114	48	1
2827	2022-06-28 09:57:20	3299	75	223	86	1
2828	2022-10-15 21:15:07	8865	99	214	83	2
2829	2023-02-11 17:24:06	1704	89	205	80	4
2830	2023-04-11 15:31:41	7812	5	105	41	1
2831	2019-01-16 17:36:35	7295	53	115	46	2
2832	2022-09-24 17:04:49	8268	16	56	25	5
2833	2023-05-24 19:52:50	7136	48	170	67	5
2834	2018-10-02 05:27:50	7716	42	272	97	5
2835	2023-05-27 23:59:42	5704	49	160	60	2
2836	2021-02-10 12:39:45	1739	51	235	89	4
2837	2023-01-11 12:04:29	5100	88	209	76	1
2838	2023-01-06 03:18:56	6024	96	205	80	4
2839	2021-01-28 13:06:19	1213	46	188	72	1
2840	2019-08-04 15:37:46	4423	32	105	41	5
2841	2023-05-04 15:25:09	9734	52	205	80	4
2842	2023-02-10 23:05:57	9779	6	90	36	1
2843	2023-03-25 12:20:35	9779	6	266	99	3
2844	2023-03-08 03:38:43	6412	23	115	47	2
2845	2022-11-06 21:50:10	528	33	160	60	3
2846	2019-07-11 14:01:05	9683	87	178	69	1
2847	2020-09-22 04:24:36	619	76	7	4	1
2848	2022-03-09 10:41:47	6612	69	130	50	3
2849	2019-12-18 00:02:23	401	97	235	89	1
2850	2022-10-24 10:33:32	2466	2	118	42	3
2851	2017-01-29 05:24:22	1914	77	114	48	5
2852	2016-09-22 09:33:52	2466	2	52	19	5
2853	2021-05-01 12:37:06	9683	87	13	9	2
2854	2021-11-09 19:01:26	2466	2	173	65	2
2855	2020-07-05 18:14:44	1529	28	99	33	5
2856	2021-07-03 06:01:44	1739	51	59	27	5
2857	2020-07-17 07:35:23	2034	10	111	44	1
2858	2021-10-24 20:44:45	4388	50	199	78	2
2859	2022-12-18 15:55:20	5952	30	7	4	1
2860	2016-01-15 16:22:41	2310	20	272	97	1
2861	2022-07-10 00:59:46	7403	65	110	40	4
2862	2022-07-17 12:09:32	6431	37	36	18	5
2863	2023-05-27 22:40:42	237	80	32	14	4
2864	2019-12-17 16:14:03	2466	2	151	53	4
2865	2020-10-27 12:57:48	6612	69	141	52	4
2866	2020-05-10 22:30:56	1118	92	22	8	5
2867	2020-08-11 21:22:35	675	21	99	33	4
2868	2018-12-02 23:48:23	4375	55	115	46	3
2869	2023-03-13 05:53:18	6024	96	205	80	4
2870	2019-10-22 13:55:39	2310	20	30	13	5
2871	2023-01-22 02:53:16	7651	44	205	80	4
2872	2020-02-19 23:27:09	478	62	7	4	2
2873	2022-02-26 03:12:51	5343	90	118	42	5
2874	2017-02-04 05:30:09	2310	20	129	49	2
2875	2023-04-23 12:07:48	675	21	22	8	2
2876	2023-04-25 07:02:07	7403	65	154	55	5
2877	2018-04-11 08:38:18	1385	60	79	31	4
2878	2023-03-16 08:49:59	564	73	236	88	3
2879	2019-08-18 20:08:34	8312	13	61	24	3
2880	2020-05-25 17:17:35	6847	40	208	77	3
2881	2023-01-20 15:13:29	9734	52	205	80	2
2882	2023-01-20 11:48:25	2034	10	111	44	1
2883	2021-10-27 10:33:09	564	73	236	88	5
2884	2019-12-17 02:56:45	4328	43	110	38	4
2885	2023-05-19 02:00:36	1529	28	99	33	5
2886	2023-02-21 12:27:11	7630	81	13	10	3
2887	2023-03-04 23:52:53	1529	28	253	90	4
2888	2022-07-03 12:30:01	6431	37	113	45	1
2889	2020-06-27 22:05:45	8312	13	61	24	2
2890	2020-05-06 22:10:25	6412	23	5	5	1
2891	2022-11-04 10:33:08	9779	6	266	99	1
2892	2020-09-07 14:43:29	1739	51	59	27	5
2893	2023-04-24 15:12:34	237	80	98	34	3
2894	2021-09-20 00:36:15	2310	20	151	53	1
2895	2023-04-10 20:17:53	3953	4	170	67	5
2896	2020-08-21 14:24:06	6431	37	14	11	1
2897	2022-08-07 14:29:02	2681	68	203	81	2
2898	2020-12-16 15:34:50	2034	10	199	78	2
2899	2023-03-29 06:02:38	478	62	205	80	2
2900	2023-01-12 16:27:03	1868	25	9	6	2
2901	2021-05-17 12:11:25	6602	61	218	84	3
2902	2023-05-26 17:00:03	4959	70	170	67	1
2903	2022-06-12 18:54:54	564	73	203	81	2
2904	2020-03-24 09:43:13	401	97	114	48	1
2905	2020-10-07 08:19:01	3636	71	105	41	1
2906	2022-11-21 09:02:56	5384	35	253	90	4
2907	2023-04-12 09:24:12	9611	19	13	10	4
2908	2021-12-22 22:18:17	2532	47	30	13	4
2909	2016-01-12 20:57:41	6460	64	53	22	3
2910	2018-12-30 07:58:10	5947	9	209	76	3
2911	2021-11-03 03:00:07	8865	99	115	46	3
2912	2020-03-19 16:23:37	1213	46	276	100	5
2913	2021-12-31 09:25:39	446	15	130	50	1
2914	2022-06-21 22:12:05	4423	32	116	43	2
2915	2023-03-17 13:16:55	2040	14	205	80	2
2916	2021-11-22 22:02:20	2466	2	272	97	4
2917	2021-08-30 06:10:21	7651	44	7	4	2
2918	2023-03-19 12:48:00	2075	31	115	47	3
2919	2022-05-04 01:56:59	6024	96	7	4	2
2920	2019-05-03 09:46:27	4419	91	146	56	2
2921	2019-07-07 01:08:57	1385	60	178	69	1
2922	2022-12-16 00:06:31	4419	91	14	12	2
2923	2022-08-19 21:54:22	2681	68	5	5	3
2924	2021-03-31 07:07:29	6460	64	9	6	2
2925	2019-04-05 03:18:05	3953	4	203	81	3
2926	2023-06-03 18:18:21	1266	63	32	14	1
2927	2023-02-17 04:31:35	5991	17	116	43	1
2928	2017-11-05 21:28:46	8108	22	13	9	5
2929	2021-12-07 20:44:22	4388	50	276	100	1
2930	2022-02-21 08:05:27	8865	99	5	5	3
2931	2023-01-22 12:23:18	6660	59	89	35	4
2932	2019-06-19 14:52:18	1739	51	191	74	5
2933	2022-11-19 01:54:40	9234	38	208	77	2
2934	2021-06-01 05:12:08	7812	5	105	41	1
2935	2019-11-08 00:52:58	9779	6	46	21	3
2936	2023-04-28 05:00:37	619	76	205	80	1
2937	2017-07-10 22:01:41	675	21	242	87	1
2938	2022-01-24 12:34:28	2867	66	147	58	4
2939	2023-05-20 22:38:59	5947	9	154	55	5
2940	2022-02-07 03:29:35	8865	99	5	5	2
2941	2023-03-24 10:31:20	2022	41	115	47	2
2942	2019-11-03 10:03:18	8128	58	248	91	5
2943	2020-01-30 19:50:11	2022	41	5	5	1
2944	2022-12-03 02:33:30	8128	58	61	24	5
2945	2018-02-14 05:54:48	3390	82	79	31	1
2946	2022-08-22 22:15:03	446	15	130	50	3
2947	2020-11-14 18:46:57	3390	82	178	70	2
2948	2022-12-28 00:32:50	478	62	205	80	1
2949	2021-04-23 04:08:25	4419	91	223	86	5
2950	2019-07-13 22:31:47	1385	60	167	66	4
2951	2022-10-23 14:58:36	4419	91	113	45	2
2952	2023-04-23 07:07:51	9683	87	90	36	2
2953	2022-07-21 12:24:49	2532	47	19	7	3
2954	2023-02-06 09:25:56	9734	52	7	4	1
2955	2022-10-31 05:33:31	6024	96	7	4	5
2956	2023-04-18 16:44:00	3323	7	170	67	1
2957	2023-03-31 17:34:16	2644	1	266	99	1
2958	2022-12-01 11:25:55	1407	56	130	50	3
2959	2023-02-25 07:40:18	2947	12	205	80	5
2960	2021-12-27 11:49:43	9734	52	7	4	5
2961	2020-09-05 09:19:42	1213	46	276	100	3
2962	2023-05-08 21:55:21	3299	75	25	16	4
2963	2023-06-05 20:23:02	7403	65	154	55	3
2964	2021-01-09 20:54:09	9266	36	129	49	2
2965	2020-03-12 06:28:53	2466	2	272	97	2
2966	2022-01-28 02:10:43	7716	42	52	20	1
2967	2019-09-10 15:15:46	4622	8	105	41	2
2968	2020-03-18 14:42:21	4328	43	110	38	2
2969	2015-05-25 17:23:51	8268	16	188	71	3
2970	2022-11-27 13:41:30	3070	39	97	37	5
2971	2022-04-17 11:37:20	5035	54	110	39	5
2972	2022-05-18 15:08:56	2532	47	52	20	2
2973	2019-08-16 04:14:04	4328	43	154	54	2
2974	2021-10-22 01:37:22	5947	9	99	33	3
2975	2017-11-24 23:17:14	8312	13	248	91	3
2976	2019-10-22 00:32:38	1481	94	10	3	3
2977	2022-11-24 17:31:28	2867	66	59	28	5
2978	2023-05-22 07:17:56	2022	41	170	67	3
2979	2019-06-08 08:00:15	3070	39	218	84	1
2980	2023-06-05 03:11:59	9026	27	32	14	5
2981	2022-04-03 14:37:03	8289	86	164	61	4
2982	2022-12-20 03:22:58	675	21	110	40	1
2983	2022-05-30 07:28:53	7812	5	6	2	4
2984	2022-08-28 09:26:09	5343	90	184	68	2
2985	2023-02-07 19:36:52	8770	18	205	80	2
2986	2019-08-05 02:40:51	1407	56	218	84	3
2987	2023-05-03 10:22:01	2022	41	115	47	4
2988	2018-01-02 19:09:45	1118	92	110	38	4
2989	2023-02-19 03:00:16	478	62	7	4	4
2990	2022-06-06 01:10:23	9734	52	7	4	4
2991	2023-04-03 22:37:59	1704	89	7	4	5
2992	2023-06-01 13:12:11	6431	37	25	16	4
2993	2022-12-10 05:06:06	6460	64	262	96	3
2994	2016-06-18 09:15:52	9266	36	52	19	2
2995	2022-10-19 11:07:21	2075	31	203	81	4
2996	2021-04-12 21:51:48	2022	41	203	81	4
2997	2023-02-21 01:13:32	237	80	164	61	1
2998	2017-06-21 11:42:42	1118	92	22	8	1
2999	2021-12-03 22:05:18	237	80	10	3	5
3000	2022-11-01 05:59:04	9611	19	167	66	1
3001	2023-02-22 05:29:38	8108	22	90	36	4
3002	2022-02-15 17:21:25	6847	40	164	61	4
3003	2020-04-28 21:46:16	1118	92	22	8	1
3004	2019-06-25 04:09:15	9779	6	178	69	2
3005	2018-04-24 08:02:03	5100	88	88	30	5
3006	2022-09-06 08:21:04	1266	63	164	61	4
3007	2023-06-04 17:14:20	401	97	213	85	4
3008	2022-07-05 03:49:32	2481	100	248	91	3
3009	2023-05-28 11:54:28	1914	77	213	85	2
3010	2020-06-09 08:20:11	3636	71	105	41	3
3011	2022-03-14 11:57:52	9683	87	79	32	1
3012	2022-05-01 04:05:10	528	33	116	43	3
3013	2016-05-27 13:03:14	4388	50	188	71	4
3014	2020-10-28 00:32:40	5384	35	264	93	4
3015	2022-01-17 17:42:20	3207	57	59	27	5
3016	2022-11-19 22:17:38	6612	69	53	22	4
3017	2020-07-03 08:15:52	2481	100	105	41	5
3018	2018-08-16 06:29:32	2867	66	235	89	1
3019	2021-10-11 02:54:20	6602	61	97	37	4
3020	2019-10-14 01:27:25	4959	70	115	46	1
3021	2021-04-01 07:12:51	2310	20	173	65	1
3022	2023-02-17 02:38:26	7651	44	7	4	4
3023	2023-05-23 23:22:07	4419	91	25	16	5
3024	2023-02-25 19:02:09	2310	20	272	98	4
3025	2022-01-16 10:20:08	2644	1	156	64	1
3026	2023-05-26 13:20:34	1481	94	32	14	2
3027	2021-07-20 15:08:07	2867	66	114	48	3
3028	2022-04-24 08:04:54	6612	69	130	50	5
3029	2023-01-28 05:17:01	1739	51	114	48	4
3030	2022-06-25 23:37:47	6024	96	7	4	2
3031	2023-04-22 04:16:40	2040	14	205	80	4
3032	2022-05-12 06:47:29	5384	35	110	39	2
3033	2023-05-17 14:07:52	2310	20	272	98	3
3034	2019-01-13 21:46:29	1529	28	110	38	5
3035	2021-12-18 09:58:59	6602	61	97	37	5
3036	2018-02-07 00:36:11	2570	45	79	31	4
3037	2023-03-21 09:24:21	4959	70	5	5	4
3038	2023-01-18 13:12:57	2466	2	129	49	2
3039	2022-09-17 17:27:38	3207	57	59	28	1
3040	2021-11-29 09:33:53	5947	9	99	33	4
3041	2022-12-02 21:09:18	8289	86	164	61	2
3042	2018-10-02 13:27:36	9699	78	129	49	5
3043	2020-04-14 22:36:40	5704	49	61	24	4
3044	2022-12-13 11:23:14	6431	37	256	95	1
3045	2022-08-17 16:56:26	2532	47	30	13	3
3046	2023-01-30 13:20:56	4419	91	256	95	3
3047	2023-05-17 23:13:00	1266	63	98	34	5
3048	2021-01-24 15:51:46	8108	22	178	70	3
3049	2023-04-23 01:14:16	13	24	170	67	5
3050	2022-08-31 09:21:15	2947	12	205	80	4
3051	2019-08-03 08:48:48	3236	3	148	57	2
3052	2018-06-05 15:30:16	7716	42	129	49	3
3053	2021-02-08 01:49:02	8684	26	156	63	1
3054	2017-04-05 10:16:31	5947	9	66	23	4
3055	2019-10-04 02:47:27	6431	37	146	56	4
3056	2022-12-10 22:51:44	8108	22	90	36	2
3057	2021-09-24 11:21:45	9779	6	167	66	3
3058	2022-03-12 01:10:15	3070	39	218	84	2
3059	2022-05-05 10:59:14	2947	12	7	4	5
3060	2022-02-05 14:19:33	7630	81	46	21	3
3061	2023-03-27 06:47:53	5952	30	205	80	5
3062	2016-12-30 19:26:54	6130	79	52	19	4
3063	2016-09-09 04:05:36	2867	66	191	74	3
3064	2022-08-05 04:35:15	3299	75	223	86	3
3065	2023-05-10 09:57:50	3390	82	13	10	5
3066	2022-10-11 06:44:34	9026	27	164	61	5
3067	2023-06-02 02:01:15	7542	85	160	60	4
3068	2022-09-19 23:04:11	5991	17	160	60	3
3069	2022-09-28 07:25:00	5947	9	264	93	5
3070	2020-07-24 01:36:48	3299	75	190	73	4
3071	2022-01-09 14:36:08	6130	79	261	92	5
3072	2019-12-17 08:08:44	5384	35	88	30	4
3073	2023-04-22 07:21:50	237	80	98	34	4
3074	2022-07-26 05:10:17	7542	85	6	2	1
3075	2020-03-16 17:02:19	1704	89	7	4	5
3076	2023-04-14 13:46:16	7630	81	266	99	3
3077	2022-02-26 15:38:25	6612	69	141	52	5
3078	2023-04-29 05:59:36	5384	35	154	55	3
3079	2022-03-07 12:42:36	2034	10	254	94	2
3080	2022-07-10 20:53:56	2947	12	7	4	4
3081	2022-10-07 12:29:33	8684	26	156	64	5
3082	2021-11-26 14:57:24	6612	69	53	22	3
3083	2023-05-13 20:34:47	5952	30	205	80	1
3084	2023-05-30 22:04:18	8289	86	32	14	5
3085	2023-05-26 08:57:48	6024	96	205	80	1
3086	2022-04-30 09:41:35	6602	61	9	6	3
3087	2023-01-29 22:25:48	675	21	110	40	2
3088	2018-12-03 12:54:23	2466	2	151	53	2
3089	2023-02-20 15:49:57	1481	94	10	3	4
3090	2016-11-12 10:11:20	7630	81	200	79	5
3091	2022-05-08 22:34:34	9699	78	118	42	1
3092	2020-07-01 20:38:18	2310	20	151	53	1
3093	2020-11-09 09:54:19	9699	78	129	49	4
3094	2020-12-20 12:16:53	619	76	7	4	2
3095	2018-01-20 06:30:29	675	21	154	54	5
3096	2022-07-24 10:20:47	8108	22	90	36	5
3097	2023-02-15 02:59:50	2176	11	7	4	2
3098	2021-10-10 02:50:27	4090	74	203	81	1
3099	2022-03-28 19:56:07	5991	17	116	43	4
3100	2018-01-20 21:20:17	5947	9	154	54	1
3101	2023-05-26 20:02:50	4090	74	115	47	4
3102	2018-02-27 05:22:33	7542	85	248	91	2
3103	2023-04-21 09:40:04	5991	17	160	60	3
3104	2023-05-19 19:41:14	3236	3	170	67	4
3105	2023-04-06 15:20:13	1493	84	170	67	2
3106	2021-11-23 23:59:20	7630	81	90	36	5
3107	2021-06-03 02:10:09	4090	74	115	46	1
3108	2021-08-15 11:19:44	6660	59	23	15	3
3109	2021-05-20 07:45:29	3636	71	61	24	3
3110	2020-05-11 09:02:35	9683	87	57	26	1
3111	2020-11-27 17:49:29	8770	18	7	4	4
3112	2023-01-18 00:21:19	675	21	110	40	4
3113	2022-03-06 18:30:16	7630	81	46	21	1
3114	2023-02-03 12:01:08	5947	9	154	54	5
3115	2022-01-22 06:15:48	7812	5	116	43	5
3116	2020-10-30 17:29:41	1704	89	7	4	2
3117	2023-06-03 20:30:57	8268	16	56	25	3
3118	2021-10-30 11:32:15	1407	56	130	50	3
3119	2019-08-24 02:57:10	5100	88	99	33	3
3120	2022-12-21 01:00:24	7542	85	61	24	2
3121	2023-05-28 10:53:48	2022	41	170	67	5
3122	2022-01-18 00:56:50	2532	47	151	53	3
3123	2023-02-16 19:49:12	9611	19	167	66	3
3124	2022-08-14 17:26:36	8684	26	266	99	2
3125	2022-05-18 22:12:26	2867	66	59	27	3
3126	2022-11-09 13:45:56	3236	3	203	81	3
3127	2021-09-10 05:09:53	3299	75	223	86	5
3128	2022-11-18 04:05:04	2075	31	214	83	4
3129	2022-08-25 07:33:18	2416	83	205	80	4
3130	2022-09-22 06:25:42	5343	90	118	42	3
3131	2019-10-11 22:46:20	3636	71	61	24	1
3132	2023-06-04 06:34:57	7403	65	253	90	5
3133	2022-09-15 05:39:07	2176	11	205	80	5
3134	2022-03-16 16:16:48	7136	48	203	81	4
3135	2019-07-24 23:36:37	9683	87	178	69	5
3136	2019-10-03 22:10:34	4423	32	105	41	2
3137	2022-03-22 09:42:48	3862	29	116	43	4
3138	2023-03-06 06:16:29	1213	46	23	15	2
3139	2023-06-04 08:29:45	2176	11	205	80	4
3140	2022-11-27 16:22:01	1492	98	188	72	4
3141	2022-09-19 16:55:53	6647	67	256	95	5
3142	2019-06-21 00:58:37	3390	82	178	69	4
3143	2022-06-15 01:22:11	3299	75	146	56	1
3144	2023-05-23 13:51:22	8770	18	205	80	2
3145	2020-02-04 17:27:31	2466	2	129	49	1
3146	2021-02-19 02:19:44	619	76	7	4	1
3147	2022-12-24 18:38:53	1492	98	276	100	5
3148	2023-01-19 06:09:34	7812	5	160	60	1
3149	2021-03-08 10:41:22	5384	35	264	93	5
3150	2022-08-06 17:07:44	1914	77	59	28	3
3151	2023-05-20 18:23:50	675	21	154	55	5
3152	2022-08-06 20:41:27	4388	50	89	35	3
3153	2023-01-28 07:17:38	3236	3	214	83	3
3154	2022-10-22 02:36:47	3862	29	6	2	2
3155	2022-12-18 22:02:37	401	97	147	58	5
3156	2018-11-22 01:06:42	6647	67	223	86	5
3157	2019-04-04 01:29:08	2681	68	115	46	4
3158	2023-05-26 14:51:44	1493	84	214	83	4
3159	2022-11-22 16:06:11	5704	49	248	91	2
3160	2023-03-11 19:18:04	5384	35	110	40	2
3161	2022-08-01 18:32:54	9003	34	67	29	5
3162	2023-06-04 08:14:21	6660	59	199	78	1
3163	2022-09-26 01:12:34	675	21	110	40	2
3164	2022-07-05 05:00:45	528	33	116	43	4
3165	2022-06-19 08:33:13	3323	7	115	46	5
3166	2023-01-21 07:42:43	1529	28	110	40	2
3167	2019-08-07 09:00:18	9683	87	200	79	5
3168	2023-03-29 11:32:52	13	24	170	67	5
3169	2018-10-28 14:52:22	3636	71	248	91	1
3170	2023-05-27 16:27:01	8289	86	32	14	2
3171	2022-10-24 03:19:23	8268	16	56	25	4
3172	2019-03-25 14:45:28	3323	7	236	88	4
3173	2022-06-10 01:25:05	1492	98	89	35	3
3174	2022-08-16 11:22:04	8770	18	205	80	3
3175	2022-05-11 01:04:58	7729	72	162	59	4
3176	2023-03-12 12:02:30	6612	69	130	50	3
3177	2018-09-07 21:24:53	9699	78	30	13	5
3178	2019-04-09 15:27:08	5100	88	242	87	1
3179	2023-05-16 21:48:00	2466	2	162	59	2
3180	2023-04-02 10:34:07	478	62	205	80	5
3181	2021-04-23 03:57:48	2040	14	7	4	5
3182	2019-12-20 09:57:40	3323	7	115	46	4
3183	2023-05-13 16:35:18	2481	100	160	60	1
3184	2020-02-29 03:30:53	3390	82	46	21	2
3185	2023-06-02 19:15:45	8312	13	61	24	4
3186	2022-03-17 09:56:50	1385	60	46	21	2
3187	2022-03-27 14:21:55	7295	53	214	83	2
3188	2018-10-01 16:22:52	9611	19	46	21	4
3189	2023-04-30 06:43:01	7403	65	154	55	2
3190	2022-10-27 04:20:10	8770	18	205	80	4
3191	2023-01-25 09:53:01	7651	44	7	4	2
3192	2018-12-25 01:45:54	1118	92	99	33	2
3193	2022-08-28 09:19:46	3390	82	266	99	5
3194	2023-06-04 20:11:01	237	80	32	14	2
3195	2020-10-01 23:57:29	2022	41	236	88	1
3196	2023-05-31 02:22:15	9234	38	32	14	5
3197	2018-08-12 18:33:59	1118	92	209	76	5
3198	2022-04-09 07:50:03	675	21	110	39	1
3199	2020-11-06 11:23:25	3953	4	115	46	3
3200	2023-03-15 23:15:18	8684	26	266	99	2
3201	2022-08-19 11:16:20	2947	12	205	80	5
3202	2016-06-23 08:04:59	9266	36	129	49	5
3203	2023-04-25 20:35:32	2947	12	205	80	4
3204	2020-09-12 06:29:23	6431	37	190	73	2
3205	2023-04-28 01:10:09	8020	95	98	34	3
3206	2017-09-11 06:17:56	5384	35	110	38	4
3207	2022-07-16 15:02:55	2570	45	90	36	5
3208	2020-01-25 03:43:02	5704	49	61	24	5
3209	2021-10-06 12:36:10	8128	58	116	43	5
3210	2019-12-30 03:13:32	7729	72	129	49	5
3211	2021-12-22 07:53:37	3207	57	147	58	3
3212	2020-07-06 19:28:51	6130	79	151	53	4
3213	2023-03-19 15:38:21	6602	61	130	50	2
3214	2017-02-05 16:23:58	4419	91	14	11	5
3215	2021-04-25 21:30:31	7651	44	7	4	5
3216	2023-05-11 04:17:28	1118	92	154	55	5
3217	2023-05-22 09:46:28	1481	94	98	34	4
3218	2023-04-19 00:01:31	7651	44	205	80	2
3219	2022-11-06 21:21:31	2022	41	214	83	1
3220	2022-10-27 14:59:29	2570	45	90	36	2
3221	2022-05-13 12:03:25	4388	50	89	35	4
3222	2022-07-26 13:36:28	8770	18	7	4	5
3223	2018-10-13 11:18:46	7729	72	173	65	2
3224	2021-12-11 07:58:20	13	24	148	57	4
3225	2022-08-30 12:05:44	2310	20	30	13	5
3226	2022-04-07 01:16:20	401	97	235	89	4
3227	2022-03-15 18:59:13	6412	23	214	83	3
3228	2019-05-19 13:26:24	9699	78	173	65	4
3229	2021-08-06 19:40:04	4090	74	5	5	1
3230	2018-06-07 00:00:30	8684	26	79	31	5
3231	2022-01-16 16:56:23	6130	79	30	13	2
3232	2023-01-24 04:21:06	401	97	59	28	2
3233	2021-09-14 06:16:08	2681	68	115	46	1
3234	2020-11-24 04:45:27	7812	5	105	41	3
3235	2022-05-27 20:38:58	2022	41	214	83	1
3236	2022-02-01 12:31:23	4388	50	89	35	5
3237	2021-01-16 20:05:34	2947	12	7	4	1
3238	2019-09-06 17:47:35	1868	25	141	52	4
3239	2023-03-11 06:19:26	237	80	164	61	1
3240	2022-12-31 21:43:44	2040	14	205	80	1
3241	2023-01-13 08:19:40	7630	81	266	99	3
3242	2021-10-04 13:44:28	6647	67	135	51	4
3243	2023-06-04 21:10:09	1739	51	213	85	5
3244	2020-06-27 16:24:33	2644	1	200	79	5
3245	2020-01-01 07:02:14	7716	42	30	13	5
3246	2019-05-08 01:31:07	3953	4	115	46	5
3247	2020-02-07 18:14:50	3236	3	148	57	3
3248	2020-12-24 19:06:44	9779	6	167	66	4
3249	2022-11-21 16:25:43	9734	52	205	80	4
3250	2021-02-01 01:31:42	8684	26	156	63	4
3251	2021-05-09 11:33:33	8289	86	208	77	1
3252	2020-06-13 17:21:13	478	62	7	4	2
3253	2020-03-14 21:07:03	6024	96	7	4	2
3254	2022-05-09 17:16:05	8770	18	7	4	1
3255	2019-01-23 15:59:42	8128	58	248	91	4
3256	2022-06-06 04:05:26	2644	1	156	64	3
3257	2020-05-19 13:00:00	8020	95	208	77	5
3258	2020-10-22 01:10:41	4622	8	61	24	2
3259	2023-02-13 22:20:40	619	76	205	80	4
3260	2023-04-01 01:20:15	7295	53	170	67	2
3261	2020-10-08 08:55:30	1407	56	53	22	3
3262	2023-01-08 03:27:12	2481	100	105	41	5
3263	2021-12-05 01:22:26	9699	78	173	65	1
3264	2018-08-27 08:49:40	2310	20	52	20	3
3265	2022-07-23 22:52:49	5947	9	22	8	3
3266	2022-03-05 17:49:10	4959	70	236	88	3
3267	2021-11-06 17:30:46	1704	89	7	4	1
3268	2023-04-19 23:42:22	2681	68	214	83	3
3269	2023-04-19 11:19:03	9026	27	98	34	1
3270	2020-01-22 03:26:48	2040	14	7	4	2
3271	2019-07-21 05:50:54	5100	88	242	87	3
3272	2022-08-16 13:38:42	2570	45	13	10	3
3273	2023-05-02 10:05:18	3390	82	266	99	3
3274	2022-12-30 02:16:45	1492	98	276	100	1
3275	2020-10-28 20:06:16	7729	72	173	65	3
3276	2023-05-22 14:56:42	5952	30	205	80	2
3277	2021-04-07 19:58:44	9234	38	10	3	1
3278	2020-08-10 10:32:40	6847	40	208	77	2
3279	2023-03-14 08:00:17	6412	23	115	47	5
3280	2023-05-19 03:19:33	4419	91	135	51	5
3281	2023-05-26 14:26:56	1266	63	32	14	2
3282	2019-11-13 13:43:41	2075	31	5	5	2
3283	2019-11-14 07:25:08	7729	72	272	97	2
3284	2022-04-28 14:28:34	4423	32	6	2	5
3285	2021-10-15 01:09:27	8312	13	105	41	4
3286	2023-04-03 13:45:07	4090	74	170	67	1
3287	2019-03-30 15:23:10	675	21	88	30	3
3288	2017-11-03 06:00:19	5035	54	154	54	1
3289	2021-12-12 06:57:09	6024	96	7	4	4
3290	2017-11-02 20:23:16	5035	54	110	38	2
3291	2021-10-29 23:20:24	564	73	115	46	1
3292	2019-04-22 21:10:11	7403	65	99	33	5
3293	2023-05-08 15:23:57	1493	84	115	47	2
3294	2019-04-15 08:16:40	8684	26	167	66	4
3295	2019-04-27 07:31:05	6431	37	146	56	1
3296	2023-02-10 10:31:58	4328	43	253	90	2
3297	2022-02-13 21:01:49	6130	79	118	42	2
3298	2021-08-04 15:35:28	2416	83	7	4	5
3299	2022-10-20 02:30:07	4090	74	148	57	1
3300	2019-11-06 11:18:52	9003	34	67	29	1
3301	2019-06-05 16:11:39	1385	60	57	26	4
3302	2018-10-05 08:24:29	6431	37	14	11	2
3303	2022-12-29 17:00:43	1407	56	97	37	5
3304	2022-07-11 19:54:43	6647	67	212	82	1
3305	2022-05-04 20:27:16	3207	57	147	58	1
3306	2021-09-25 00:46:18	5952	30	7	4	1
3307	2023-01-29 19:11:46	3953	4	148	57	3
3308	2021-05-01 23:22:18	3862	29	105	41	5
3309	2018-08-07 14:00:57	3390	82	79	31	1
3310	2023-05-14 10:31:04	8020	95	98	34	1
3311	2017-01-24 04:47:49	9683	87	13	9	5
3312	2018-04-09 16:10:17	9611	19	79	31	2
3313	2021-10-04 12:45:54	7651	44	7	4	5
3314	2023-05-12 04:50:56	9611	19	156	64	5
3315	2020-02-09 02:41:11	8865	99	5	5	5
3316	2020-05-10 22:55:49	8128	58	105	41	5
3317	2020-01-27 16:30:49	6024	96	7	4	5
3318	2020-07-01 13:13:11	478	62	7	4	4
3319	2020-04-14 18:22:39	528	33	105	41	5
3320	2019-03-21 11:29:18	4423	32	61	24	4
3321	2018-11-23 04:14:39	1868	25	218	84	4
3322	2023-06-03 20:07:46	4622	8	160	60	1
3323	2019-04-04 04:29:33	7542	85	248	91	2
3324	2023-02-15 00:40:11	7542	85	6	2	1
3325	2023-05-20 23:03:40	6431	37	25	16	2
3326	2022-10-01 16:59:57	2034	10	155	62	4
3327	2022-12-26 12:08:35	3390	82	90	36	4
3328	2022-10-24 13:59:10	9003	34	56	25	5
3329	2021-08-01 03:54:52	564	73	148	57	1
3330	2023-06-01 01:09:53	8865	99	170	67	5
3331	2022-12-31 18:44:04	5384	35	253	90	2
3332	2023-03-23 06:30:06	4375	55	115	47	4
3333	2018-02-17 13:08:21	4328	43	154	54	1
3334	2019-10-21 02:57:25	6660	59	155	62	4
3335	2022-01-29 16:44:40	4090	74	5	5	1
3336	2023-04-16 20:59:11	8865	99	170	67	4
3337	2023-01-03 01:53:51	2644	1	13	10	5
3338	2019-05-05 04:58:54	4090	74	203	81	1
3339	2021-08-15 16:35:45	6460	64	262	96	1
3340	2019-12-15 14:15:34	4375	55	115	46	5
3341	2019-10-20 15:17:01	8312	13	61	24	2
3342	2023-05-26 21:17:56	6847	40	32	14	5
3343	2021-05-24 07:22:02	2681	68	5	5	1
3344	2023-03-31 07:37:06	2416	83	205	80	3
3345	2023-06-02 13:26:40	9026	27	32	14	5
3346	2016-04-17 04:02:57	6431	37	223	86	5
3347	2021-09-27 09:36:29	5991	17	61	24	4
3348	2022-05-21 01:53:38	2416	83	7	4	4
3349	2019-11-24 00:57:29	1529	28	110	38	5
3350	2021-10-15 04:30:56	2034	10	188	72	4
3351	2023-04-19 09:50:06	1266	63	98	34	1
3352	2015-09-22 21:04:29	1868	25	53	22	1
3353	2022-12-18 22:07:13	6431	37	36	18	1
3354	2021-08-15 02:41:19	8684	26	178	70	2
3355	2018-05-23 04:19:04	1739	51	191	74	3
3356	2023-01-12 06:43:25	5952	30	205	80	4
3357	2023-04-03 14:24:39	3323	7	148	57	5
3358	2022-08-19 14:19:20	5952	30	7	4	2
3359	2023-02-20 06:30:26	8684	26	178	70	4
3360	2021-12-12 21:57:51	3390	82	178	70	3
3361	2021-02-27 12:23:20	1118	92	110	38	3
3362	2023-05-11 01:21:54	9234	38	98	34	5
3363	2021-03-26 11:14:12	6412	23	203	81	4
3364	2023-05-13 23:05:28	2867	66	213	85	3
3365	2023-01-10 19:37:28	2040	14	7	4	5
3366	2016-10-21 03:22:50	9699	78	272	97	5
3367	2022-10-11 15:18:47	2532	47	162	59	3
3368	2022-11-03 00:06:39	1213	46	56	25	5
3369	2022-05-05 10:11:05	5035	54	110	39	3
3370	2022-03-15 22:30:24	6847	40	164	61	3
3371	2023-01-16 19:37:21	3862	29	116	43	2
3372	2020-01-31 21:13:33	4959	70	5	5	3
3373	2021-12-11 11:40:18	2532	47	184	68	4
3374	2022-11-17 09:16:08	2867	66	59	28	3
3375	2023-05-02 01:58:10	2532	47	118	42	3
3376	2022-11-21 09:16:19	2644	1	266	99	1
3377	2023-04-26 05:03:27	8020	95	98	34	5
3378	2023-03-01 01:49:29	7542	85	6	2	1
3379	2022-06-06 19:40:36	8108	22	178	70	3
3380	2022-01-26 23:53:03	1213	46	199	78	1
3381	2020-09-29 06:33:32	4419	91	135	51	3
3382	2022-05-12 01:58:10	3636	71	61	24	5
3383	2021-08-09 07:19:37	9611	19	13	9	3
3384	2020-03-04 17:41:08	1213	46	276	100	5
3385	2019-06-18 20:14:16	2034	10	67	29	2
3386	2021-07-29 06:32:44	1266	63	208	77	3
3387	2022-11-08 16:44:57	1868	25	262	96	2
3388	2022-06-06 00:52:36	5343	90	184	68	5
3389	2022-11-27 19:55:19	2867	66	147	58	1
3390	2022-05-17 00:10:45	1914	77	235	89	3
3391	2021-01-16 10:35:18	1266	63	208	77	3
3392	2017-08-31 03:41:16	446	15	53	22	1
3393	2022-07-30 09:20:42	9026	27	208	77	3
3394	2022-04-12 13:38:11	5947	9	110	39	1
3395	2023-05-13 01:18:13	564	73	148	57	4
3396	2023-05-03 23:07:57	237	80	98	34	1
3397	2022-12-12 12:34:34	6647	67	14	12	2
3398	2020-03-04 02:27:52	7651	44	7	4	5
3399	2021-08-20 05:08:17	401	97	147	58	4
3400	2016-06-13 21:17:43	6660	59	34	17	5
3401	2017-10-12 22:13:38	1118	92	154	54	2
3402	2021-11-22 03:14:15	1868	25	218	84	2
3403	2020-04-07 07:39:29	2947	12	7	4	4
3404	2023-05-16 21:26:51	401	97	213	85	3
3405	2021-03-24 13:40:50	5100	88	99	33	4
3406	2017-01-31 00:28:33	2034	10	188	71	1
3407	2019-07-16 13:54:41	9683	87	178	69	5
3408	2019-07-05 11:04:39	5343	90	151	53	4
3409	2023-02-26 10:59:19	528	33	61	24	4
3410	2022-03-27 09:19:33	2481	100	248	91	3
3411	2023-03-01 11:24:25	237	80	10	3	2
3412	2022-07-01 14:48:29	5384	35	99	33	5
3413	2022-11-04 21:32:01	6024	96	205	80	2
3414	2022-08-25 18:44:30	2310	20	19	7	2
3415	2020-05-13 19:21:29	446	15	9	6	2
3416	2023-05-25 07:46:16	9234	38	32	14	2
3417	2020-06-20 13:51:42	4959	70	115	46	1
3418	2016-01-30 10:40:29	9611	19	200	79	1
3419	2023-05-31 00:27:59	237	80	32	14	5
3420	2021-04-26 01:27:24	9266	36	184	68	2
3421	2019-09-26 20:15:31	4419	91	36	18	1
3422	2022-01-03 04:54:42	2644	1	90	36	3
3423	2022-08-05 06:00:25	5343	90	129	49	2
3424	2022-11-26 06:20:16	6847	40	164	61	2
3425	2023-06-03 04:30:13	1266	63	98	34	5
3426	2019-09-05 07:04:45	5947	9	88	30	1
3427	2023-05-17 22:18:34	7630	81	200	79	4
3428	2020-12-31 21:10:39	1266	63	10	3	1
3429	2023-05-08 10:59:43	369	93	98	34	4
3430	2021-12-25 03:19:36	1739	51	114	48	3
3431	2023-05-27 18:34:50	1529	28	154	55	1
3432	2017-08-07 16:42:03	5704	49	248	91	2
3433	2019-10-04 09:50:15	1492	98	67	29	1
3434	2023-03-04 21:53:43	5704	49	6	2	4
3435	2021-11-23 23:16:55	1492	98	23	15	5
3436	2021-08-24 22:05:04	5384	35	209	76	2
3437	2022-12-20 09:48:37	5035	54	110	40	1
3438	2019-05-23 08:07:22	675	21	99	33	2
3439	2022-10-05 06:27:29	5991	17	248	91	1
3440	2022-09-20 23:00:40	2176	11	205	80	5
3441	2023-02-11 16:19:50	619	76	205	80	2
3442	2021-06-10 13:02:52	7651	44	7	4	2
3443	2021-11-28 08:22:40	2867	66	114	48	3
3444	2022-06-27 02:41:55	564	73	115	46	5
3445	2023-05-12 03:56:57	6412	23	5	5	2
3446	2020-10-05 18:03:59	6660	59	34	17	3
3447	2017-08-30 21:43:19	6460	64	218	84	2
3448	2020-04-30 23:33:29	2416	83	7	4	5
3449	2023-02-18 03:37:24	619	76	205	80	1
3450	2021-09-06 08:49:21	1529	28	11	1	2
3451	2017-11-11 01:31:02	6612	69	218	84	5
3452	2022-08-20 16:52:33	3070	39	130	50	2
3453	2021-03-27 04:02:50	6660	59	199	78	5
3454	2022-08-18 04:53:17	2040	14	205	80	2
3455	2019-11-30 05:48:31	1213	46	67	29	4
3456	2022-10-19 07:26:43	1213	46	89	35	2
3457	2018-12-20 21:08:03	7403	65	110	38	5
3458	2019-10-10 00:33:16	1407	56	53	22	4
3459	2022-12-09 18:57:29	2176	11	205	80	2
3460	2021-04-10 00:20:13	7542	85	248	91	2
3461	2023-05-17 04:55:09	6647	67	25	16	2
3462	2021-02-23 11:18:07	7716	42	184	68	4
3463	2023-02-28 05:48:55	2310	20	272	98	2
3464	2022-07-01 03:10:03	2681	68	5	5	2
3465	2022-10-30 07:20:48	1529	28	99	33	2
3466	2022-10-01 03:36:14	3390	82	266	99	2
3467	2016-03-04 15:48:49	7729	72	52	19	4
3468	2023-04-21 17:31:42	2022	41	170	67	4
3469	2020-06-01 22:35:27	5384	35	11	1	3
3470	2023-02-22 22:13:48	2947	12	205	80	2
3471	2020-01-04 13:28:30	446	15	218	84	1
3472	2022-02-18 03:38:34	369	93	164	61	2
3473	2022-10-22 20:51:55	2867	66	59	28	4
3474	2020-04-19 04:26:48	3390	82	178	70	5
3475	2022-11-27 09:12:34	3390	82	156	64	5
3476	2019-02-17 07:32:24	5384	35	209	76	3
3477	2017-02-22 17:17:46	2310	20	30	13	3
3478	2023-01-14 22:14:46	3323	7	115	47	1
3479	2019-06-06 13:36:11	9266	36	173	65	5
3480	2023-05-14 02:21:09	1493	84	115	47	5
3481	2023-04-09 11:36:11	237	80	98	34	3
3482	2023-06-05 01:31:54	237	80	32	14	3
3483	2020-04-09 13:26:00	1914	77	59	27	4
3484	2023-03-09 06:33:21	5100	88	11	1	5
3485	2022-09-29 16:25:35	7136	48	214	83	4
3486	2023-01-15 15:54:25	1118	92	253	90	4
3487	2021-12-06 04:50:15	4419	91	135	51	5
3488	2019-04-09 23:41:10	6612	69	141	52	5
3489	2019-05-31 03:48:41	1118	92	99	33	4
3490	2022-01-13 18:47:30	9003	34	276	100	2
3491	2023-02-25 04:19:57	1213	46	254	94	4
3492	2020-12-26 23:31:09	2867	66	59	27	3
3493	2020-08-07 12:08:17	6412	23	5	5	1
3494	2016-03-22 02:09:03	6647	67	14	11	1
3495	2023-05-11 15:47:29	9611	19	266	99	4
3496	2019-05-20 04:42:22	2532	47	162	59	4
3497	2022-09-21 11:01:00	2481	100	116	43	5
3498	2020-02-16 02:17:17	1739	51	59	27	3
3499	2023-06-04 21:53:27	1118	92	154	55	5
3500	2020-07-15 00:46:26	2034	10	155	62	2
3501	2023-05-28 21:10:27	237	80	32	14	4
3502	2019-11-26 12:31:39	4328	43	66	23	5
3503	2021-07-11 15:07:31	5384	35	154	54	4
3504	2019-04-02 10:51:40	2570	45	79	32	3
3505	2018-06-08 14:41:44	3070	39	141	52	3
3506	2017-09-11 07:39:28	8312	13	248	91	2
3507	2020-05-07 19:09:03	7542	85	105	41	1
3508	2022-06-08 18:54:21	5343	90	129	49	2
3509	2019-03-08 15:18:48	9611	19	13	9	1
3510	2022-11-06 22:25:48	2947	12	205	80	1
3511	2022-09-29 04:22:12	5952	30	205	80	3
3512	2022-11-12 21:16:14	8770	18	205	80	4
3513	2018-04-24 01:52:40	2310	20	272	97	4
3514	2019-07-06 21:49:36	8684	26	178	69	2
3515	2023-01-11 13:41:08	478	62	205	80	5
3516	2021-12-30 12:18:34	4090	74	203	81	1
3517	2021-02-02 18:26:41	2034	10	23	15	4
3518	2023-05-08 06:34:49	3236	3	170	67	3
3519	2021-06-14 00:43:30	3636	71	61	24	2
3520	2022-01-22 09:44:40	5100	88	88	30	1
3521	2022-02-18 02:41:33	6460	64	130	50	1
3522	2016-12-21 18:19:13	446	15	218	84	3
3523	2019-03-07 17:33:30	3636	71	61	24	3
3524	2021-10-23 00:52:51	9683	87	156	63	1
3525	2023-04-09 21:22:33	6847	40	10	3	2
3526	2022-06-05 03:53:16	2947	12	7	4	1
3527	2023-05-10 06:35:36	2075	31	170	67	3
3528	2023-02-07 00:54:43	446	15	97	37	5
3529	2020-09-13 04:38:01	2644	1	178	70	2
3530	2020-09-30 13:24:53	564	73	148	57	4
3531	2020-12-29 14:59:24	6647	67	190	73	1
3532	2022-06-11 08:09:16	4328	43	264	93	5
3533	2023-03-31 08:25:48	3323	7	170	67	3
3534	2023-02-28 08:01:28	2075	31	148	57	2
3535	2021-06-04 16:52:04	7136	48	5	5	3
3536	2023-05-26 05:07:26	9699	78	162	59	3
3537	2023-05-21 03:44:03	9699	78	272	98	4
3538	2022-12-11 19:09:42	6431	37	113	45	5
3539	2022-02-22 03:14:07	6460	64	218	84	5
3540	2021-11-17 00:33:55	6024	96	7	4	5
3541	2023-05-17 04:51:39	1739	51	213	85	3
3542	2022-02-03 22:05:02	3323	7	148	57	5
3543	2022-12-07 05:49:10	6024	96	205	80	2
3544	2018-11-11 06:22:28	3323	7	203	81	3
3545	2020-08-14 07:17:37	8770	18	7	4	1
3546	2023-03-21 10:16:22	446	15	262	96	5
3547	2022-12-13 13:25:09	2466	2	173	65	1
3548	2022-09-29 08:03:29	2416	83	205	80	5
3549	2019-10-17 07:28:19	4959	70	115	46	1
3550	2018-12-05 06:47:09	675	21	66	23	2
3551	2020-03-13 02:30:42	8865	99	5	5	2
3552	2020-06-05 03:29:05	401	97	235	89	5
3553	2023-05-26 08:41:04	8289	86	208	77	5
3554	2021-03-11 00:06:14	2075	31	5	5	3
3555	2018-12-18 16:00:15	7716	42	272	97	3
3556	2022-12-10 03:08:12	2416	83	205	80	5
3557	2023-05-19 10:39:29	2416	83	205	80	1
3558	2022-09-12 00:24:09	7651	44	205	80	3
3559	2020-08-26 09:47:14	3953	4	148	57	3
3560	2022-03-02 15:15:06	1407	56	53	22	1
3561	2019-09-13 03:07:19	5035	54	22	8	2
3562	2022-12-22 03:36:02	2481	100	116	43	2
3563	2021-08-07 10:24:36	8770	18	7	4	2
3564	2021-01-06 15:53:29	1407	56	53	22	4
3565	2023-03-03 20:02:58	1118	92	110	40	3
3566	2023-06-05 08:39:21	3207	57	213	85	2
3567	2021-07-08 09:30:44	7542	85	105	41	1
3568	2018-12-26 13:16:54	5991	17	61	24	3
3569	2021-08-29 09:19:20	2644	1	156	63	5
3570	2017-12-05 05:55:10	6412	23	236	88	3
3571	2021-08-21 13:39:59	3070	39	130	50	3
3572	2023-06-05 09:35:53	369	93	32	14	2
3573	2022-10-26 12:49:15	7136	48	115	46	5
3574	2023-01-31 01:03:38	7630	81	90	36	4
3575	2023-04-04 09:15:10	7729	72	272	98	1
3576	2020-09-15 14:06:03	5947	9	264	93	3
3577	2022-10-07 00:38:51	2040	14	205	80	2
3578	2020-03-17 07:09:27	5384	35	242	87	5
3579	2022-09-15 20:44:51	1739	51	191	75	1
3580	2020-12-17 03:58:49	2040	14	7	4	5
3581	2020-08-02 21:31:18	4622	8	105	41	3
3582	2018-12-24 01:26:43	3636	71	61	24	4
3583	2017-03-13 07:07:59	3953	4	236	88	2
3584	2022-03-14 17:56:43	6647	67	212	82	1
3585	2019-09-12 01:05:22	1739	51	191	75	3
3586	2018-06-19 08:43:36	3323	7	115	46	1
3587	2023-06-03 09:50:52	13	24	236	88	1
3588	2023-01-10 23:35:15	6647	67	14	12	4
3589	2022-11-27 05:17:50	8268	16	23	15	1
3590	2023-04-11 22:36:51	3236	3	148	57	3
3591	2023-04-28 11:19:44	13	24	170	67	4
3592	2021-03-27 21:02:36	1868	25	218	84	3
3593	2023-05-27 15:35:11	8108	22	57	26	1
3594	2021-08-29 23:30:44	4959	70	214	83	3
3595	2021-12-15 17:24:52	8865	99	203	81	2
3596	2020-07-07 16:40:01	9003	34	188	72	1
3597	2023-05-26 21:24:18	9026	27	32	14	4
3598	2018-03-08 10:44:52	6460	64	218	84	1
3599	2023-05-29 04:43:18	8289	86	32	14	1
3600	2022-04-15 10:03:24	1868	25	130	50	5
3601	2023-01-30 07:22:02	13	24	5	5	4
3602	2022-03-03 06:44:38	4375	55	203	81	1
3603	2022-09-07 10:33:13	478	62	205	80	5
3604	2016-11-08 22:17:16	2466	2	129	49	4
3605	2020-07-07 14:37:02	7136	48	203	81	3
3606	2020-06-02 18:16:32	6412	23	203	81	2
3607	2022-09-09 12:06:44	8770	18	205	80	2
3608	2023-04-25 23:28:10	6024	96	205	80	1
3609	2023-03-15 05:00:50	13	24	203	81	5
3610	2023-05-18 19:22:51	8020	95	98	34	4
3611	2022-02-16 22:51:03	6602	61	218	84	5
3612	2019-02-14 04:03:51	9699	78	129	49	1
3613	2020-11-18 08:05:35	1704	89	7	4	5
3614	2020-05-12 11:48:03	2570	45	57	26	5
3615	2022-11-04 15:16:52	9234	38	164	61	5
3616	2022-09-24 07:57:26	5952	30	7	4	4
3617	2023-03-14 13:30:22	1529	28	253	90	1
3618	2022-01-21 06:42:43	4328	43	99	33	5
3619	2021-07-22 15:07:26	1385	60	13	9	1
3620	2022-02-06 18:01:36	7651	44	7	4	5
3621	2022-07-14 11:23:36	1481	94	10	3	2
3622	2022-07-05 22:14:35	6431	37	135	51	1
3623	2016-07-30 06:17:59	7716	42	272	97	4
3624	2022-08-17 20:12:10	478	62	205	80	5
3625	2023-01-24 17:21:09	8312	13	116	43	4
3626	2022-10-01 13:39:17	1118	92	11	1	1
3627	2022-11-29 07:45:11	5952	30	205	80	3
3628	2021-11-19 20:53:19	8865	99	148	57	2
3629	2018-01-08 10:44:49	8268	16	188	71	2
3630	2016-05-13 04:49:28	3390	82	200	79	2
3631	2023-01-09 01:34:45	1266	63	164	61	4
3632	2021-09-07 20:58:11	6612	69	262	96	5
3633	2019-10-14 19:18:03	8128	58	61	24	5
3634	2021-01-13 02:42:27	6612	69	218	84	3
3635	2017-05-29 23:53:05	4959	70	115	46	1
3636	2020-08-11 15:03:45	446	15	53	22	5
3637	2019-12-03 01:19:33	7136	48	148	57	5
3638	2015-12-31 03:22:17	4388	50	188	71	4
3639	2023-01-23 14:35:18	478	62	205	80	4
3640	2022-05-28 09:43:13	2075	31	214	83	5
3641	2022-07-30 22:06:11	2075	31	214	83	3
3642	2022-07-01 05:23:18	7630	81	79	32	1
3643	2023-03-03 22:14:09	1739	51	147	58	2
3644	2022-10-01 11:58:22	5947	9	264	93	2
3645	2019-11-05 13:35:03	8865	99	236	88	5
3646	2017-11-08 11:50:42	6431	37	36	18	4
3647	2023-03-21 13:45:02	9699	78	272	98	2
3648	2021-07-17 13:07:28	2022	41	214	83	1
3649	2020-11-04 08:36:19	7136	48	203	81	1
3650	2023-05-06 11:27:24	7542	85	160	60	4
3651	2019-11-09 16:05:56	4090	74	236	88	2
3652	2021-10-12 08:10:27	8865	99	115	46	4
3653	2020-11-13 22:18:36	5384	35	209	76	3
3654	2019-08-05 15:11:25	2034	10	199	78	5
3655	2022-11-23 10:36:20	9266	36	272	97	3
3656	2018-04-10 01:25:05	4375	55	236	88	5
3657	2023-04-23 02:21:42	3390	82	13	10	4
3658	2023-05-11 22:39:39	8020	95	98	34	3
3659	2021-07-17 05:56:15	7403	65	11	1	1
3660	2022-09-29 06:29:28	8770	18	7	4	2
3661	2021-06-13 12:00:48	4419	91	14	11	5
3662	2019-03-10 03:15:20	446	15	218	84	3
3663	2023-03-25 08:50:21	9683	87	13	10	4
3664	2018-09-22 05:09:16	237	80	208	77	4
3665	2023-03-13 10:13:59	1529	28	253	90	3
3666	2021-09-19 13:32:18	8268	16	254	94	5
3667	2022-06-03 13:11:35	528	33	116	43	5
3668	2023-04-16 11:57:56	8770	18	205	80	4
3669	2021-12-13 20:12:46	446	15	130	50	5
3670	2021-08-16 23:44:45	8268	16	67	29	4
3671	2020-04-04 13:07:21	6024	96	7	4	4
3672	2022-03-04 12:03:22	446	15	262	96	1
3673	2020-11-28 13:23:55	8865	99	5	5	3
3674	2022-08-13 07:09:19	8128	58	6	2	5
3675	2021-03-13 09:13:18	6660	59	276	100	3
3676	2022-05-13 00:17:27	528	33	116	43	5
3677	2022-12-11 18:02:14	478	62	205	80	3
3678	2023-01-26 02:41:40	5952	30	205	80	2
3679	2023-05-03 03:14:14	5991	17	105	41	4
3680	2023-06-01 23:58:39	4959	70	170	67	1
3681	2019-11-26 14:55:54	3390	82	178	70	4
3682	2019-11-29 13:43:44	8020	95	10	3	2
3683	2018-10-10 06:39:05	401	97	114	48	3
3684	2020-09-17 01:47:46	2176	11	7	4	5
3685	2017-04-16 15:04:25	2644	1	200	79	2
3686	2019-08-06 16:43:42	5100	88	209	76	3
3687	2023-02-24 02:05:42	1529	28	88	30	1
3688	2023-03-15 20:43:20	1493	84	236	88	2
3689	2023-02-13 11:05:09	7812	5	6	2	5
3690	2018-11-14 22:03:06	4375	55	115	46	1
3691	2023-05-29 01:56:47	1481	94	32	14	2
3692	2023-03-04 02:00:59	5343	90	272	98	1
3693	2023-06-02 18:43:51	1704	89	205	80	5
3694	2019-02-09 23:23:26	8312	13	248	91	5
3695	2019-01-10 00:16:33	6647	67	14	11	1
3696	2021-12-03 19:13:34	619	76	7	4	4
3697	2022-08-26 22:14:03	528	33	6	2	2
3698	2020-02-20 23:18:31	2040	14	7	4	1
3699	2019-12-16 06:24:59	1492	98	67	29	3
3700	2021-12-14 09:12:08	1529	28	264	93	3
3701	2022-08-30 21:24:23	6647	67	146	56	1
3702	2018-08-14 04:39:07	2681	68	203	81	3
3703	2020-10-24 16:21:00	1118	92	154	54	3
3704	2023-06-03 07:21:04	5384	35	154	55	4
3705	2020-11-01 07:29:31	1739	51	59	27	3
3706	2023-06-05 04:20:33	1266	63	98	34	4
3707	2021-10-12 11:10:40	5704	49	248	91	1
3708	2021-01-24 05:27:47	2681	68	5	5	2
3709	2023-04-16 13:51:52	6647	67	113	45	3
3710	2023-05-24 16:13:40	478	62	205	80	2
3711	2022-11-26 05:44:15	1266	63	10	3	2
3712	2023-01-08 04:56:56	5952	30	205	80	3
3713	2021-09-23 10:56:28	9779	6	156	63	5
3714	2019-12-12 05:10:50	5947	9	88	30	1
3715	2020-11-27 00:54:10	7716	42	184	68	5
3716	2021-12-09 06:37:06	2644	1	200	79	3
3717	2018-07-20 16:00:57	1529	28	209	76	5
3718	2022-08-29 15:20:41	564	73	236	88	3
3719	2021-01-26 22:52:48	7630	81	178	70	3
3720	2018-08-13 23:52:51	4959	70	236	88	3
3721	2019-04-23 05:24:24	7729	72	162	59	1
3722	2022-08-19 15:18:24	6412	23	5	5	3
3723	2022-03-18 05:31:59	2867	66	114	48	1
3724	2023-01-02 01:08:14	3236	3	5	5	4
3725	2020-03-17 05:20:46	1266	63	10	3	5
3726	2021-01-10 10:35:36	2075	31	203	81	5
3727	2023-03-30 08:53:55	5991	17	105	41	2
3728	2020-11-14 07:22:07	1213	46	188	72	3
3729	2022-12-30 23:21:52	6612	69	218	84	4
3730	2019-05-15 20:20:06	237	80	208	77	3
3731	2021-01-31 01:53:36	1213	46	67	29	1
3732	2022-12-26 02:06:01	2176	11	205	80	5
3733	2020-01-26 13:52:23	4328	43	11	1	5
3734	2018-08-10 19:23:23	7403	65	242	87	2
3735	2022-04-17 09:22:01	528	33	61	24	2
3736	2019-12-19 01:36:33	4328	43	11	1	4
3737	2022-08-12 20:34:05	7630	81	266	99	3
3738	2022-02-27 02:18:43	1529	28	209	76	2
3739	2020-04-25 21:04:54	3236	3	236	88	3
3740	2019-06-29 04:55:36	8684	26	178	69	5
3741	2017-03-24 02:04:24	1529	28	22	8	3
3742	2023-03-16 16:55:46	4419	91	113	45	2
3743	2023-02-05 11:54:49	1868	25	53	22	2
3744	2023-01-14 06:35:15	6647	67	14	12	3
3745	2021-03-22 16:09:52	1868	25	262	96	5
3746	2020-01-28 20:41:39	1529	28	22	8	4
3747	2020-12-22 23:07:36	1492	98	67	29	3
3748	2023-03-26 19:11:53	2040	14	205	80	2
3749	2019-06-06 18:13:47	13	24	148	57	5
3750	2021-06-05 20:42:03	2644	1	156	63	4
3751	2022-09-25 09:27:07	675	21	110	40	3
3752	2020-12-31 12:41:08	2466	2	173	65	3
3753	2018-05-07 13:41:54	8684	26	79	31	4
3754	2022-02-02 21:03:23	9003	34	67	29	1
3755	2017-09-27 05:57:03	9266	36	52	19	5
3756	2022-07-22 06:14:52	2075	31	115	46	5
3757	2023-05-14 05:19:50	6602	61	218	84	2
3758	2023-06-05 12:17:04	237	80	32	14	3
3759	2023-05-13 08:34:24	6647	67	14	12	4
3760	2022-11-22 19:05:53	9234	38	10	3	4
3761	2023-01-18 02:18:35	7403	65	264	93	5
3762	2022-04-22 07:06:03	446	15	9	6	4
3763	2023-05-20 06:24:24	7812	5	6	2	3
3764	2022-11-21 07:20:39	7651	44	7	4	4
3765	2017-02-27 03:19:08	1914	77	191	74	2
3766	2023-01-28 01:11:18	1914	77	59	28	4
3767	2019-04-08 11:28:21	2022	41	115	46	4
3768	2022-11-04 04:19:51	6024	96	205	80	4
3769	2020-11-21 07:08:31	4388	50	254	94	5
3770	2017-06-02 02:21:00	9779	6	13	9	1
3771	2021-04-02 13:03:24	6602	61	9	6	4
3772	2023-04-15 18:14:14	9779	6	13	10	4
3773	2023-05-16 06:49:58	1868	25	262	96	2
3774	2022-09-12 19:17:44	8108	22	266	99	5
3775	2023-04-23 19:52:12	1481	94	98	34	1
3776	2022-01-27 02:40:48	528	33	105	41	3
3777	2018-12-10 12:03:37	6130	79	173	65	2
3778	2017-11-30 07:05:15	3236	3	115	46	5
3779	2021-12-03 18:40:53	1213	46	111	44	4
3780	2020-12-13 13:39:10	8020	95	208	77	4
3781	2023-01-04 17:10:43	3323	7	214	83	4
3782	2022-02-19 11:30:04	3207	57	59	27	4
3783	2022-08-27 02:55:21	4419	91	113	45	1
3784	2019-04-25 06:33:37	2867	66	191	74	3
3785	2023-05-29 03:51:58	1914	77	213	85	3
3786	2023-03-18 22:27:05	2310	20	272	98	4
3787	2022-02-01 21:51:26	1213	46	155	62	5
3788	2016-02-21 15:35:03	6647	67	14	11	3
3789	2021-11-15 20:26:25	401	97	114	48	4
3790	2018-06-29 14:58:07	2570	45	79	31	2
3791	2019-08-28 23:02:58	7542	85	61	24	3
3792	2019-03-29 15:21:46	9003	34	111	44	5
3793	2021-09-19 21:06:31	8108	22	57	26	4
3794	2018-03-02 08:12:05	7729	72	52	20	3
3795	2020-01-16 18:22:59	8020	95	208	77	3
3796	2021-04-17 07:00:32	1868	25	141	52	3
3797	2018-10-17 13:42:21	1481	94	208	77	1
3798	2021-09-26 19:21:00	446	15	262	96	5
3799	2017-09-26 04:16:17	9266	36	129	49	5
3800	2023-03-06 17:10:28	9699	78	272	98	1
3801	2022-10-04 06:48:09	7542	85	248	91	5
3802	2019-07-18 10:32:05	5991	17	105	41	5
3803	2019-11-10 04:35:13	9611	19	200	79	2
3804	2017-09-15 01:41:20	5991	17	248	91	5
3805	2022-12-01 07:36:07	5991	17	116	43	2
3806	2021-08-08 18:17:39	8268	16	89	35	5
3807	2023-05-02 08:26:16	1118	92	110	40	5
3808	2022-12-18 00:49:44	2176	11	205	80	3
3809	2022-08-20 10:49:02	675	21	110	40	1
3810	2020-02-06 03:23:27	9734	52	7	4	4
3811	2021-06-21 03:23:35	3207	57	191	75	2
3812	2022-11-11 00:13:21	5952	30	7	4	3
3813	2020-05-26 07:20:18	5952	30	7	4	1
3814	2023-05-26 16:42:31	6647	67	25	16	1
3815	2023-01-08 15:14:23	3070	39	130	50	1
3816	2023-05-05 10:58:55	9234	38	98	34	3
3817	2022-11-17 04:51:06	4423	32	61	24	5
3818	2020-05-20 13:02:28	675	21	264	93	5
3819	2021-12-10 07:50:15	6612	69	130	50	5
3820	2022-12-04 03:14:15	528	33	6	2	2
3821	2022-04-15 07:45:19	7716	42	19	7	3
3822	2021-06-30 09:19:26	2040	14	7	4	4
3823	2022-03-17 05:23:34	6647	67	212	82	2
3824	2022-09-28 04:39:17	6847	40	164	61	4
3825	2023-03-17 13:24:54	3207	57	147	58	5
3826	2021-08-23 17:40:42	1529	28	110	38	4
3827	2022-12-26 21:30:13	528	33	116	43	4
3828	2022-12-24 20:32:19	13	24	115	47	5
3829	2022-03-14 04:44:23	6602	61	97	37	3
3830	2022-09-27 08:02:23	2867	66	59	28	1
3831	2019-10-30 20:47:13	4622	8	248	91	3
3832	2023-05-17 01:04:57	3207	57	213	85	5
3833	2019-01-13 18:05:08	6460	64	141	52	1
3834	2023-06-02 21:08:15	9234	38	98	34	4
3835	2020-11-05 23:53:57	1529	28	11	1	3
3836	2022-10-27 22:32:09	2040	14	205	80	3
3837	2022-02-16 07:23:06	2532	47	173	65	3
3838	2020-09-26 04:00:04	8289	86	10	3	1
3839	2022-12-20 08:02:28	8770	18	205	80	2
3840	2021-12-05 16:41:51	8312	13	116	43	3
3841	2020-07-23 17:42:11	8865	99	115	46	4
3842	2022-09-23 16:49:57	2416	83	205	80	4
3843	2021-10-16 22:14:42	8289	86	208	77	5
3844	2023-05-29 12:10:32	9026	27	32	14	4
3845	2021-09-13 15:20:08	3862	29	248	91	5
3846	2019-01-30 11:21:09	7403	65	66	23	5
3847	2021-11-07 04:15:00	2867	66	191	75	2
3848	2022-11-07 21:39:58	1481	94	164	61	4
3849	2020-03-09 16:13:24	4388	50	188	72	2
3850	2021-09-02 05:02:16	6412	23	214	83	4
3851	2021-02-09 15:15:34	3323	7	5	5	5
3852	2020-03-15 07:17:07	2075	31	203	81	4
3853	2022-07-01 16:36:29	1481	94	10	3	3
3854	2022-12-07 21:42:26	478	62	205	80	2
3855	2021-12-24 00:21:14	5343	90	118	42	2
3856	2023-01-03 02:34:05	7136	48	115	47	3
3857	2022-05-18 21:04:46	5384	35	110	39	5
3858	2017-03-29 17:08:17	5343	90	129	49	1
3859	2023-05-18 08:59:05	8865	99	170	67	5
3860	2020-02-21 03:49:27	3070	39	53	22	4
3861	2023-04-17 16:50:41	2681	68	170	67	4
3862	2023-03-18 02:41:59	4423	32	105	41	3
3863	2020-11-05 14:49:37	4959	70	5	5	2
3864	2021-05-27 17:08:22	2022	41	5	5	5
3865	2023-03-20 15:06:36	2176	11	205	80	5
3866	2018-05-21 12:12:16	7630	81	57	26	5
3867	2022-11-04 18:51:40	619	76	205	80	4
3868	2020-08-15 22:57:47	4419	91	14	11	2
3869	2023-05-28 19:22:36	9234	38	32	14	3
3870	2023-04-01 07:21:30	478	62	205	80	3
3871	2022-09-15 01:16:31	6460	64	130	50	2
3872	2020-07-17 10:03:47	2176	11	7	4	2
3873	2017-11-01 03:34:57	9779	6	13	9	2
3874	2023-03-18 07:19:50	8865	99	115	47	2
3875	2020-05-31 18:42:47	4388	50	188	72	4
3876	2022-05-16 21:55:19	1385	60	13	9	2
3877	2019-05-15 10:58:23	4423	32	61	24	2
3878	2023-04-24 15:28:09	2176	11	205	80	4
3879	2022-08-13 11:17:32	1704	89	205	80	2
3880	2023-01-09 09:40:01	2681	68	148	57	2
3881	2023-06-04 06:31:12	8289	86	32	14	3
3882	2020-01-19 20:54:08	8268	16	199	78	1
3883	2023-05-24 09:05:59	369	93	98	34	2
3884	2019-11-19 10:10:28	3207	57	191	75	4
3885	2019-05-23 22:19:58	7403	65	22	8	4
3886	2021-10-01 17:33:14	478	62	7	4	5
3887	2023-04-06 19:01:26	2481	100	61	24	2
3888	2021-12-28 01:54:12	9266	36	272	97	3
3889	2018-01-06 23:20:49	6412	23	236	88	1
3890	2022-12-25 18:17:45	9234	38	164	61	3
3891	2018-08-19 14:34:33	446	15	53	22	3
3892	2022-07-13 00:36:17	1213	46	276	100	4
3893	2023-01-19 08:39:42	7812	5	61	24	2
3894	2023-05-22 21:45:57	2947	12	205	80	2
3895	2017-10-06 20:54:19	6660	59	111	44	3
3896	2021-03-31 00:33:33	3207	57	191	75	5
3897	2018-06-27 10:46:58	9699	78	30	13	3
3898	2017-06-25 16:33:19	2681	68	115	46	3
3899	2023-05-11 01:01:53	6431	37	25	16	4
3900	2021-07-11 18:17:32	9699	78	118	42	3
3901	2023-04-07 06:55:21	5947	9	242	87	5
3902	2019-12-02 23:55:59	7403	65	11	1	5
3903	2022-10-19 11:15:36	3390	82	13	10	1
3904	2021-12-24 21:39:33	6612	69	141	52	1
3905	2021-01-06 20:50:34	6647	67	190	73	1
3906	2018-06-15 18:33:39	1529	28	22	8	4
3907	2019-01-10 13:19:57	8865	99	236	88	5
3908	2021-05-04 15:45:24	2644	1	156	63	4
3909	2016-03-23 07:18:45	6130	79	272	97	5
3910	2023-03-29 05:20:56	6412	23	170	67	2
3911	2018-05-10 06:46:14	2310	20	272	97	5
3912	2023-02-21 19:09:02	5704	49	160	60	1
3913	2023-05-08 02:13:45	1266	63	98	34	2
3914	2021-04-06 01:05:03	6412	23	115	46	5
3915	2022-11-12 08:44:34	7651	44	7	4	1
3916	2023-03-10 02:33:21	8312	13	6	2	3
3917	2021-10-06 09:08:57	2947	12	7	4	2
3918	2018-01-26 09:39:49	8108	22	79	31	4
3919	2021-02-09 23:10:31	8312	13	248	91	2
3920	2022-07-19 01:15:44	9611	19	178	70	3
3921	2022-09-19 23:49:44	9734	52	205	80	1
3922	2017-09-15 02:24:17	7403	65	110	38	4
3923	2016-09-05 13:44:17	3636	71	248	91	1
3924	2022-12-17 05:28:54	446	15	97	37	5
3925	2023-02-03 18:10:34	8770	18	205	80	4
3926	2022-11-06 21:54:40	4388	50	89	35	4
3927	2021-03-04 08:23:05	7136	48	115	46	3
3928	2020-09-21 23:34:13	1266	63	10	3	2
3929	2019-12-30 18:24:19	8268	16	23	15	5
3930	2022-09-30 14:50:33	5991	17	160	60	2
3931	2023-05-09 04:43:01	2040	14	205	80	2
3932	2022-12-02 20:55:27	2481	100	160	60	2
3933	2019-12-07 00:41:59	2022	41	148	57	4
3934	2023-03-23 23:32:50	6660	59	56	25	2
3935	2016-10-17 06:14:36	3299	75	14	11	2
3936	2023-02-01 06:21:37	3299	75	113	45	2
3937	2022-12-25 13:29:20	237	80	164	61	3
3938	2021-10-26 21:55:48	5035	54	22	8	2
3939	2021-05-06 02:07:04	5035	54	242	87	1
3940	2017-09-02 18:21:30	2022	41	115	46	3
3941	2020-02-07 07:13:51	8108	22	167	66	4
3942	2021-03-03 07:25:30	9234	38	208	77	5
3943	2022-01-17 17:58:20	4959	70	203	81	3
3944	2023-05-01 09:49:39	6412	23	115	47	5
3945	2022-09-14 16:17:36	446	15	97	37	1
3946	2021-06-04 00:35:56	2022	41	203	81	3
3947	2021-11-15 02:46:53	1213	46	111	44	3
3948	2022-01-27 22:21:58	3323	7	5	5	5
3949	2023-04-29 06:26:55	7136	48	115	47	3
3950	2023-04-26 07:06:15	4375	55	170	67	2
3951	2021-10-27 10:37:12	8289	86	208	77	3
3952	2023-01-25 03:56:26	8684	26	266	99	4
3953	2019-10-14 07:20:25	7630	81	57	26	3
3954	2021-10-25 14:21:46	5035	54	264	93	1
3955	2019-07-18 23:36:50	4423	32	248	91	1
3956	2021-06-28 21:27:43	1493	84	236	88	4
3957	2022-08-30 23:15:26	9734	52	205	80	3
3958	2021-04-02 10:09:29	1266	63	208	77	2
3959	2021-08-18 09:41:59	3636	71	105	41	3
3960	2018-12-13 07:43:39	4328	43	154	54	4
3961	2019-08-03 18:52:41	4090	74	236	88	2
3962	2019-05-15 09:12:40	5100	88	22	8	2
3963	2023-02-03 15:44:05	2644	1	57	26	5
3964	2020-07-17 09:59:45	4959	70	203	81	3
3965	2022-10-25 16:36:28	478	62	205	80	5
3966	2019-07-26 09:38:41	446	15	9	6	5
3967	2019-08-06 11:36:00	2466	2	52	20	5
3968	2022-04-24 09:27:09	5035	54	110	39	2
3969	2022-11-19 00:02:36	5100	88	110	40	3
3970	2023-05-25 09:33:04	8020	95	32	14	5
3971	2023-05-25 22:43:30	369	93	32	14	2
3972	2017-12-30 15:44:04	9266	36	272	97	3
3973	2022-09-15 17:32:32	7729	72	261	92	2
3974	2018-02-09 11:02:02	675	21	209	76	1
3975	2021-10-23 11:29:13	2034	10	276	100	2
3976	2018-02-23 16:46:01	1868	25	141	52	3
3977	2021-04-12 05:03:09	2644	1	167	66	3
3978	2021-01-18 04:47:50	6431	37	146	56	3
3979	2023-04-10 01:38:18	7136	48	115	47	3
3980	2021-11-06 16:32:12	6612	69	97	37	3
3981	2023-05-13 12:14:19	675	21	154	55	4
3982	2020-12-12 06:19:25	3323	7	236	88	5
3983	2020-07-02 10:35:15	8268	16	188	72	2
3984	2023-04-25 10:26:55	9026	27	98	34	1
3985	2023-02-24 23:05:34	8108	22	90	36	4
3986	2022-10-04 19:45:37	5704	49	116	43	3
3987	2022-01-31 09:16:36	1739	51	59	27	4
3988	2022-09-11 11:34:36	2416	83	205	80	1
3989	2020-03-01 09:20:46	237	80	208	77	4
3990	2022-10-23 18:02:48	3236	3	115	46	2
3991	2021-09-07 04:03:03	1481	94	10	3	5
3992	2022-07-23 15:05:58	1266	63	10	3	1
3993	2023-02-01 08:36:23	564	73	214	83	4
3994	2019-04-18 10:23:40	675	21	99	33	4
3995	2020-12-31 03:49:11	2310	20	52	20	2
3996	2020-06-21 06:08:38	3636	71	61	24	3
3997	2018-07-28 17:37:48	1914	77	191	74	3
3998	2022-10-14 16:45:33	7651	44	205	80	4
3999	2019-05-31 03:46:25	5035	54	22	8	1
4000	2021-12-10 04:26:32	9611	19	200	79	3
4001	2023-02-02 07:19:52	8268	16	56	25	2
4002	2020-10-27 17:43:47	8865	99	203	81	1
4003	2023-03-24 01:33:38	7716	42	272	98	5
4004	2022-08-05 01:56:33	4090	74	5	5	2
4005	2020-11-08 05:47:03	2570	45	167	66	4
4006	2023-02-23 23:00:53	1529	28	253	90	4
4007	2022-04-07 08:54:57	5947	9	110	39	1
4008	2022-10-29 12:52:41	9683	87	266	99	3
4009	2023-05-09 11:10:17	7812	5	248	91	3
4010	2022-11-18 05:47:18	6431	37	36	18	1
4011	2018-01-03 09:03:18	6612	69	218	84	4
4012	2023-01-25 17:51:50	1914	77	59	28	5
4013	2020-09-26 11:30:04	2416	83	7	4	1
4014	2023-05-03 02:44:46	8289	86	98	34	5
4015	2022-12-07 06:28:29	7630	81	266	99	1
4016	2021-08-02 23:24:55	6602	61	141	52	5
4017	2017-07-09 05:09:01	3323	7	115	46	3
4018	2022-08-15 10:32:23	2040	14	7	4	3
4019	2021-05-31 18:45:25	6612	69	262	96	3
4020	2020-06-07 22:44:28	1493	84	115	46	3
4021	2023-06-02 19:35:29	6412	23	170	67	1
4022	2022-06-09 00:00:24	6431	37	113	45	3
4023	2022-10-28 05:47:25	478	62	205	80	3
4024	2023-05-18 17:27:02	7651	44	205	80	5
4025	2022-07-07 18:40:22	3323	7	115	46	2
4026	2023-04-23 12:38:59	9026	27	98	34	5
4027	2022-09-14 16:51:35	2481	100	116	43	4
4028	2022-10-29 10:00:30	8268	16	89	35	3
4029	2018-09-24 00:24:34	2481	100	248	91	4
4030	2020-09-14 18:05:03	7403	65	242	87	3
4031	2022-12-19 14:46:13	6660	59	254	94	1
4032	2019-07-02 19:41:57	9266	36	261	92	3
4033	2020-11-25 09:49:34	528	33	61	24	4
4034	2023-02-28 21:43:04	2416	83	7	4	5
4035	2023-01-17 13:00:52	1213	46	23	15	2
4036	2022-11-18 23:47:28	1529	28	88	30	2
4037	2022-08-16 14:55:07	478	62	7	4	5
4038	2017-08-09 01:12:45	564	73	115	46	4
4039	2021-12-27 21:01:29	5384	35	154	54	3
4040	2020-11-20 02:40:01	9734	52	7	4	4
4041	2023-04-16 14:30:53	2040	14	205	80	3
4042	2016-11-22 22:54:17	9683	87	200	79	2
4043	2022-11-26 02:56:45	8268	16	56	25	2
4044	2021-06-25 13:06:22	4375	55	214	83	5
4045	2018-12-27 23:43:46	8289	86	208	77	5
4046	2018-07-11 19:19:36	7716	42	261	92	5
4047	2019-11-20 23:32:41	528	33	105	41	4
4048	2022-06-23 22:12:43	4423	32	6	2	4
4049	2023-05-19 04:49:01	237	80	98	34	5
4050	2020-04-15 22:27:40	7651	44	7	4	5
4051	2020-06-15 15:58:38	7295	53	5	5	5
4052	2022-12-25 17:48:43	4419	91	14	12	3
4053	2020-05-15 12:23:24	3236	3	203	81	2
4054	2023-01-03 00:15:24	7403	65	110	40	3
4055	2023-01-18 18:34:53	1493	84	115	47	4
4056	2023-02-07 06:38:41	9699	78	272	98	3
4057	2022-03-19 03:52:22	6460	64	130	50	2
4058	2023-04-14 21:29:04	3636	71	6	2	1
4059	2020-07-08 09:44:35	5947	9	110	38	2
4060	2022-11-26 02:44:11	237	80	208	77	5
4061	2023-03-01 08:26:43	3236	3	115	47	4
4062	2021-10-29 15:06:04	9266	36	151	53	3
4063	2021-12-31 23:36:54	2867	66	235	89	1
4064	2023-01-15 06:39:13	9003	34	89	35	2
4065	2023-05-20 21:50:41	5947	9	154	55	3
4066	2020-03-13 09:49:42	6431	37	146	56	3
4067	2021-12-17 12:09:48	237	80	208	77	3
4068	2022-06-01 04:18:56	1213	46	254	94	1
4069	2022-04-09 22:16:50	1493	84	214	83	5
4070	2022-05-27 05:24:58	3636	71	6	2	2
4071	2020-05-26 21:36:49	9779	6	57	26	1
4072	2023-05-11 00:33:56	5035	54	154	55	5
4073	2021-02-19 19:27:45	2022	41	236	88	4
4074	2020-04-15 00:11:07	619	76	7	4	3
4075	2020-07-11 18:07:40	3953	4	148	57	5
4076	2022-07-04 08:47:26	1407	56	130	50	1
4077	2023-06-02 15:00:13	1529	28	154	55	2
4078	2023-02-16 17:05:25	1407	56	97	37	3
4079	2023-05-27 22:49:13	3323	7	115	47	4
4080	2022-11-12 19:26:16	7403	65	154	54	2
4081	2021-02-17 13:05:11	1739	51	191	75	3
4082	2019-07-27 03:28:08	9779	6	178	69	5
4083	2022-12-24 11:34:39	6431	37	14	12	1
4084	2020-06-28 17:29:00	478	62	7	4	3
4085	2023-02-26 19:47:00	2481	100	160	60	3
4086	2023-05-22 21:56:32	5100	88	154	55	3
4087	2021-09-11 04:37:03	3070	39	130	50	1
4088	2023-05-15 13:50:50	3953	4	115	47	5
4089	2018-03-18 19:01:54	9683	87	79	31	5
4090	2018-08-29 10:47:57	7729	72	129	49	1
4091	2019-10-12 09:54:14	5704	49	248	91	4
4092	2022-05-02 20:04:54	9699	78	118	42	4
4093	2021-10-16 19:52:36	9611	19	156	63	3
4094	2019-10-12 06:31:00	6130	79	30	13	4
4095	2020-07-11 05:30:48	446	15	9	6	1
4096	2022-08-12 19:46:21	2416	83	205	80	3
4097	2020-06-08 04:49:05	2040	14	7	4	5
4098	2019-02-19 04:07:56	2867	66	191	74	3
4099	2016-04-22 00:22:14	6612	69	141	52	4
4100	2022-06-12 16:36:30	7716	42	118	42	4
4101	2023-04-17 07:34:09	401	97	59	28	4
4102	2021-09-20 14:18:31	2867	66	235	89	1
4103	2020-05-19 19:54:56	4388	50	111	44	5
4104	2018-11-23 19:23:25	4388	50	23	15	5
4105	2017-12-12 06:18:40	1529	28	209	76	5
4106	2021-05-27 20:24:59	7812	5	105	41	3
4107	2022-07-27 19:36:35	1739	51	114	48	3
4108	2021-04-26 06:18:22	3070	39	262	96	3
4109	2018-12-21 17:31:37	8268	16	23	15	1
4110	2021-04-28 16:29:16	675	21	264	93	5
4111	2019-01-30 01:40:28	1407	56	141	52	4
4112	2022-09-13 12:39:15	1704	89	7	4	3
4113	2021-01-05 18:08:15	6647	67	190	73	2
4114	2017-07-01 19:53:05	2034	10	188	71	1
4115	2021-10-15 15:56:41	2570	45	90	36	2
4116	2022-12-26 08:12:43	7630	81	200	79	1
4117	2022-08-13 20:13:05	528	33	61	24	4
4118	2020-05-08 22:46:47	3390	82	79	32	3
4119	2018-04-01 20:55:39	3953	4	115	46	2
4120	2018-06-29 00:17:04	2075	31	203	81	4
4121	2023-05-03 01:47:45	7136	48	115	47	4
4122	2022-10-29 09:30:06	2416	83	205	80	4
4123	2021-05-26 10:35:09	1704	89	7	4	5
4124	2021-10-02 00:30:38	7630	81	79	32	4
4125	2023-03-04 14:22:23	2466	2	272	98	2
4126	2023-02-16 00:00:50	9734	52	205	80	5
4127	2020-06-08 07:05:38	6024	96	7	4	5
4128	2023-05-24 15:03:09	2310	20	118	42	5
4129	2021-04-13 06:17:04	1118	92	22	8	4
4130	2023-02-28 09:47:43	2034	10	199	78	5
4131	2020-11-23 13:50:59	9003	34	23	15	1
4132	2022-12-12 10:28:49	4423	32	116	43	3
4133	2023-01-21 01:57:27	1266	63	164	61	4
4134	2022-07-28 22:19:34	564	73	5	5	3
4135	2021-08-10 06:17:16	9683	87	156	63	1
4136	2023-05-31 04:11:51	5947	9	154	55	1
4137	2015-06-08 10:02:05	6612	69	53	22	1
4138	2022-09-21 17:09:12	6647	67	14	12	4
4139	2023-05-26 20:36:47	237	80	32	14	4
4140	2023-06-01 18:10:31	369	93	32	14	5
4141	2022-10-21 09:36:14	5952	30	205	80	2
4142	2021-05-31 05:50:27	564	73	203	81	2
4143	2021-08-22 16:40:48	5952	30	7	4	2
4144	2022-08-19 23:57:52	8770	18	205	80	2
4145	2023-01-09 23:13:48	3636	71	105	41	2
4146	2023-05-13 03:35:36	2947	12	205	80	3
4147	2022-02-23 07:24:01	3070	39	262	96	4
4148	2023-05-08 00:55:21	6847	40	98	34	5
4149	2022-05-24 19:28:19	7542	85	248	91	3
4150	2023-05-28 09:04:57	6847	40	32	14	4
4151	2023-02-18 11:42:25	619	76	205	80	1
4152	2022-04-20 22:21:05	8020	95	164	61	4
4153	2015-12-27 20:49:25	7716	42	272	97	1
4154	2023-05-25 14:38:18	8289	86	32	14	4
4155	2023-03-21 19:19:58	8020	95	164	61	5
4156	2019-07-24 09:19:36	7542	85	61	24	2
4157	2023-01-27 07:48:59	528	33	160	60	2
4158	2022-12-26 15:14:53	8289	86	164	61	1
4159	2017-05-02 07:13:53	1914	77	114	48	4
4160	2022-09-29 22:04:20	7812	5	105	41	2
4161	2023-04-23 19:00:09	4328	43	154	55	1
4162	2023-04-26 11:01:29	6602	61	130	50	4
4163	2022-01-30 04:41:57	9683	87	79	32	4
4164	2020-11-25 13:59:48	9683	87	13	9	4
4165	2021-12-16 14:25:18	2176	11	7	4	1
4166	2019-09-15 04:40:38	2022	41	115	46	5
4167	2021-10-27 01:38:58	3862	29	61	24	4
4168	2022-12-29 21:48:14	3236	3	115	47	3
4169	2021-12-26 20:20:08	6647	67	36	18	1
4170	2022-10-20 05:13:44	2176	11	7	4	3
4171	2023-06-02 20:27:12	2947	12	205	80	5
4172	2020-04-27 08:36:25	5384	35	264	93	1
4173	2019-07-12 15:52:17	3862	29	61	24	2
4174	2022-03-14 17:55:47	7729	72	118	42	5
4175	2022-08-03 00:29:10	2867	66	191	75	5
4176	2019-10-18 01:24:49	3390	82	167	66	3
4177	2021-08-02 10:09:23	1739	51	191	75	5
4178	2021-03-20 16:06:06	2947	12	7	4	2
4179	2020-10-16 17:48:09	2466	2	19	7	5
4180	2023-01-02 10:59:36	1118	92	11	1	3
4181	2018-09-14 16:12:59	2022	41	115	46	2
4182	2023-02-19 10:48:35	2416	83	205	80	5
4183	2016-02-25 15:12:16	2034	10	188	71	2
4184	2021-10-16 18:39:37	9003	34	254	94	5
4185	2021-05-08 20:47:50	9699	78	118	42	5
4186	2023-05-24 00:20:53	1266	63	98	34	3
4187	2021-12-22 21:14:22	2022	41	5	5	3
4188	2022-10-16 20:48:49	5384	35	209	76	3
4189	2023-04-28 17:33:20	6647	67	14	12	5
4190	2023-04-10 22:31:10	9003	34	155	62	3
4191	2021-08-13 13:01:58	1492	98	276	100	2
4192	2018-05-05 08:50:45	2644	1	13	9	1
4193	2022-12-01 08:56:31	675	21	209	76	5
4194	2022-05-12 23:45:59	6460	64	130	50	4
4195	2022-02-13 22:27:11	7716	42	118	42	2
4196	2022-07-21 14:36:01	9266	36	118	42	3
4197	2022-07-23 21:10:57	1385	60	13	9	5
4198	2022-10-21 03:30:48	619	76	205	80	1
4199	2021-04-01 22:17:22	3953	4	148	57	1
4200	2018-03-21 14:52:56	1492	98	188	71	1
4201	2017-07-24 07:21:58	7729	72	52	19	3
4202	2022-08-14 08:09:23	6024	96	205	80	1
4203	2021-08-22 00:55:06	9683	87	13	9	1
4204	2017-10-31 19:13:54	6130	79	52	19	3
4205	2023-01-01 17:03:19	8770	18	205	80	2
4206	2023-02-22 16:16:51	1868	25	262	96	5
4207	2023-02-03 00:13:56	3070	39	130	50	4
4208	2023-04-21 17:41:32	8108	22	266	99	1
4209	2021-06-03 09:01:37	9734	52	7	4	3
4210	2021-02-26 20:24:56	478	62	7	4	3
4211	2023-02-16 23:25:45	369	93	164	61	1
4212	2020-05-30 18:51:44	1493	84	203	81	2
4213	2018-02-20 11:08:27	8684	26	79	31	4
4214	2019-03-02 23:34:11	3390	82	13	9	5
4215	2020-06-18 15:37:02	7651	44	7	4	2
4216	2023-04-11 19:29:30	8865	99	170	67	3
4217	2023-01-24 02:23:29	6847	40	208	77	2
4218	2022-03-25 08:39:25	7542	85	6	2	4
4219	2022-12-07 13:52:20	1868	25	130	50	4
4220	2020-02-13 08:48:50	4090	74	236	88	1
4221	2023-05-18 17:41:05	7295	53	170	67	1
4222	2020-07-10 13:08:33	369	93	208	77	4
4223	2023-01-09 19:38:29	4959	70	115	47	4
4224	2016-02-06 22:59:57	4419	91	14	11	3
4225	2023-04-25 19:56:26	2416	83	205	80	3
4226	2019-05-23 19:17:22	2481	100	61	24	4
4227	2020-02-08 00:59:13	6647	67	36	18	3
4228	2023-01-25 19:06:05	8684	26	90	36	5
4229	2017-06-19 13:30:17	3207	57	235	89	4
4230	2022-07-12 06:59:19	478	62	7	4	5
4231	2018-04-18 05:05:40	401	97	114	48	2
4232	2022-09-21 06:16:47	7630	81	266	99	5
4233	2020-08-28 10:11:28	1739	51	59	27	1
4234	2018-07-27 01:09:49	3207	57	114	48	2
4235	2021-02-09 08:13:10	9266	36	129	49	4
4236	2022-06-28 20:48:09	8108	22	167	66	5
4237	2022-10-04 21:53:37	2644	1	13	10	4
4238	2016-12-13 13:58:14	6460	64	53	22	2
4239	2022-04-24 08:58:31	2075	31	236	88	5
4240	2022-08-04 05:14:10	3299	75	36	18	2
4241	2022-05-17 17:17:19	4419	91	212	82	2
4242	2020-09-24 18:02:56	6130	79	151	53	1
4243	2023-03-29 02:41:33	401	97	59	28	4
4244	2023-06-03 13:14:13	8312	13	105	41	2
4245	2020-01-01 22:35:09	1529	28	242	87	4
4246	2022-02-02 14:09:46	2176	11	7	4	1
4247	2016-06-19 20:24:00	2034	10	111	44	5
4248	2023-01-22 03:15:30	9683	87	57	26	4
4249	2021-09-06 19:58:51	4959	70	148	57	3
4250	2022-07-03 14:08:02	6602	61	130	50	5
4251	2020-10-09 11:20:39	3299	75	135	51	4
4252	2022-09-30 09:04:00	9611	19	200	79	4
4253	2021-10-28 10:23:13	2644	1	178	70	4
4254	2018-06-07 23:38:54	8684	26	57	26	5
4255	2022-08-23 13:19:09	3862	29	116	43	2
4256	2021-12-19 01:21:20	1739	51	147	58	4
4257	2020-03-18 10:58:26	7136	48	115	46	2
4258	2022-08-17 15:11:58	7136	48	214	83	5
4259	2023-05-01 16:50:06	7729	72	118	42	5
4260	2021-03-21 14:20:59	675	21	99	33	1
4261	2020-07-14 05:56:06	2022	41	5	5	2
4262	2018-05-02 07:06:30	564	73	115	46	1
4263	2021-06-18 22:55:53	4423	32	105	41	2
4264	2023-06-04 03:22:28	1914	77	147	58	4
4265	2023-04-23 19:17:10	3636	71	116	43	5
4266	2019-10-30 14:41:52	7716	42	272	97	2
4267	2020-07-02 05:01:26	7295	53	203	81	2
4268	2022-12-08 16:46:23	2532	47	272	97	2
4269	2022-05-27 10:40:12	1529	28	209	76	2
4270	2023-05-02 19:27:22	4375	55	170	67	3
4271	2022-11-21 07:43:57	8289	86	10	3	2
4272	2020-07-25 17:01:42	2034	10	276	100	5
4273	2023-04-27 23:04:58	3236	3	170	67	1
4274	2018-11-01 19:12:00	8268	16	155	62	2
4275	2015-03-27 15:17:40	2034	10	188	71	4
4276	2023-03-26 21:15:43	8770	18	205	80	3
4277	2023-06-01 04:27:21	2022	41	170	67	1
4278	2020-12-24 17:46:08	8268	16	199	78	4
4279	2022-11-03 01:29:22	3390	82	79	32	2
4280	2023-04-30 01:06:08	2040	14	205	80	1
4281	2021-07-14 18:17:59	1213	46	89	35	2
4282	2023-05-07 10:45:30	3299	75	25	16	3
4283	2020-10-08 11:39:16	5952	30	7	4	4
4284	2019-10-18 11:04:05	3236	3	115	46	5
4285	2021-07-06 05:32:00	8865	99	115	46	2
4286	2017-10-21 07:01:15	1868	25	53	22	5
4287	2023-03-27 08:47:37	4959	70	236	88	3
4288	2021-07-08 14:15:49	6130	79	118	42	5
4289	2022-05-30 22:59:21	7716	42	19	7	5
4290	2021-07-08 09:52:44	6647	67	146	56	4
4291	2022-01-25 14:47:25	3390	82	200	79	1
4292	2022-10-24 23:15:09	1529	28	99	33	2
4293	2021-07-31 20:11:38	2176	11	7	4	3
4294	2021-08-15 12:14:59	2075	31	214	83	4
4295	2017-04-13 02:12:51	446	15	53	22	5
4296	2022-07-28 14:29:05	1492	98	199	78	3
4297	2022-12-19 20:49:19	2416	83	205	80	5
4298	2023-04-02 00:14:16	7403	65	99	33	2
4299	2022-01-21 23:47:21	4375	55	5	5	4
4300	2020-10-18 08:55:10	8128	58	61	24	3
4301	2019-08-13 18:51:24	8020	95	10	3	3
4302	2023-05-26 19:18:27	6412	23	115	47	4
4303	2023-04-27 18:50:18	5100	88	154	55	5
4304	2022-03-05 16:18:53	4388	50	188	72	4
4305	2019-10-16 23:00:09	3299	75	14	11	4
4306	2022-02-10 17:07:36	3390	82	156	64	1
4307	2022-10-01 05:15:18	6847	40	10	3	5
4308	2020-09-28 09:20:25	2867	66	191	75	4
4309	2020-09-30 12:52:57	9266	36	52	20	1
4310	2020-07-05 11:37:13	7403	65	110	38	1
4311	2022-12-11 13:06:17	8770	18	205	80	5
4312	2021-01-21 23:56:45	9266	36	19	7	1
4313	2021-07-29 08:04:45	3323	7	148	57	2
4314	2021-02-17 00:05:21	3323	7	236	88	4
4315	2020-04-06 10:38:34	2466	2	261	92	3
4316	2020-05-07 21:38:19	9003	34	199	78	2
4317	2022-10-25 00:52:31	1529	28	110	40	1
4318	2022-08-28 03:24:15	8268	16	276	100	4
4319	2023-03-24 22:10:58	9266	36	184	68	2
4320	2021-07-02 00:03:27	1213	46	23	15	2
4321	2021-10-02 09:58:37	5704	49	116	43	4
4322	2022-11-05 05:22:18	3299	75	36	18	5
4323	2023-02-28 20:01:43	2481	100	6	2	2
4324	2022-08-18 17:23:51	2532	47	151	53	5
4325	2019-09-26 13:05:19	7716	42	173	65	1
4326	2021-06-26 22:14:51	9683	87	167	66	2
4327	2022-05-05 14:54:33	2310	20	162	59	3
4328	2018-02-24 21:01:38	5035	54	110	38	4
4329	2022-02-24 04:29:22	237	80	10	3	3
4330	2020-06-29 21:31:38	5704	49	61	24	5
4331	2021-10-24 07:55:25	3070	39	130	50	4
4332	2022-07-05 04:25:32	1213	46	254	94	4
4333	2018-02-17 06:41:38	6660	59	188	71	2
4334	2022-10-06 20:31:02	7651	44	205	80	2
4335	2023-02-11 03:31:24	2481	100	160	60	2
4336	2023-05-13 23:43:57	7716	42	272	98	2
4337	2022-09-06 03:36:57	8770	18	205	80	2
4338	2021-01-27 21:39:15	6412	23	115	46	2
4339	2017-10-20 04:59:08	3070	39	218	84	2
4340	2021-10-19 06:39:27	3207	57	191	75	3
4341	2023-04-02 01:45:58	13	24	170	67	3
4342	2017-10-09 04:34:05	6602	61	218	84	4
4343	2021-01-17 20:00:02	7630	81	13	9	1
4344	2022-09-26 03:44:44	1481	94	164	61	4
4345	2023-05-16 02:19:10	5100	88	154	55	3
4346	2022-09-29 06:17:10	6612	69	218	84	1
4347	2023-01-19 03:35:12	13	24	203	81	5
4348	2020-03-05 05:31:28	6130	79	162	59	5
4349	2015-05-21 04:47:14	5947	9	22	8	5
4350	2023-03-20 10:40:12	7630	81	167	66	2
4351	2021-07-15 09:10:58	9699	78	118	42	1
4352	2017-10-17 11:14:23	2570	45	200	79	3
4353	2021-05-20 02:59:06	9266	36	173	65	5
4354	2021-08-27 09:53:04	4328	43	209	76	2
4355	2022-03-27 00:54:52	6431	37	190	73	3
4356	2021-11-21 12:58:31	2570	45	90	36	1
4357	2021-04-19 01:28:07	9026	27	10	3	4
4358	2018-08-03 19:28:22	1385	60	79	31	2
4359	2021-09-08 07:54:37	8865	99	115	46	1
4360	2023-05-30 17:49:57	1481	94	32	14	4
4361	2022-09-03 05:32:16	1385	60	200	79	5
4362	2023-03-31 07:31:00	2075	31	170	67	3
4363	2020-07-01 21:21:04	7651	44	7	4	2
4364	2022-11-07 08:15:24	2040	14	7	4	5
4365	2023-04-29 23:35:42	3636	71	6	2	2
4366	2019-08-25 06:46:03	6847	40	208	77	4
4367	2018-01-31 09:45:54	7630	81	200	79	4
4368	2019-03-01 11:48:57	564	73	115	46	5
4369	2019-08-21 02:56:30	4419	91	146	56	5
4370	2018-04-08 08:57:40	4388	50	188	71	1
4371	2022-11-13 03:38:52	2176	11	205	80	4
4372	2023-04-04 11:03:56	2532	47	30	13	5
4373	2020-01-11 13:23:52	6460	64	9	6	3
4374	2020-10-07 13:14:06	5343	90	151	53	3
4375	2022-07-17 20:18:05	1213	46	188	72	4
4376	2022-07-16 10:38:06	8865	99	214	83	2
4377	2020-06-28 18:31:19	7136	48	115	46	2
4378	2022-12-16 03:55:09	1407	56	97	37	3
4379	2020-07-16 00:26:51	2176	11	7	4	4
4380	2023-04-19 07:08:06	7812	5	160	60	3
4381	2021-09-09 12:28:56	6024	96	7	4	3
4382	2016-03-06 09:51:08	2532	47	52	19	2
4383	2016-02-06 08:53:37	6647	67	223	86	4
4384	2021-10-02 17:52:11	3862	29	105	41	2
4385	2022-11-18 13:21:04	4622	8	6	2	2
4386	2021-07-06 04:49:13	7729	72	19	7	3
4387	2022-12-25 15:28:19	4090	74	115	47	1
4388	2021-12-27 15:00:47	2075	31	214	83	1
4389	2023-03-26 02:18:44	3390	82	266	99	5
4390	2021-12-09 20:42:00	7651	44	7	4	5
4391	2021-08-29 18:23:36	5704	49	248	91	5
4392	2020-08-17 23:07:12	7403	65	154	54	1
4393	2019-06-16 14:42:53	8289	86	10	3	5
4394	2023-01-21 22:53:35	237	80	10	3	4
4395	2022-08-18 19:16:22	6024	96	205	80	3
4396	2022-01-21 16:56:18	7542	85	105	41	2
4397	2021-11-12 13:10:09	5991	17	61	24	5
4398	2022-08-26 01:40:00	2040	14	205	80	2
4399	2017-01-16 13:04:49	2481	100	248	91	2
4400	2020-01-17 05:41:01	6847	40	10	3	2
4401	2023-05-26 10:07:27	9026	27	32	14	1
4402	2023-01-29 13:33:31	1385	60	266	99	4
4403	2022-07-03 03:22:13	1266	63	164	61	5
4404	2022-01-03 12:38:34	5343	90	19	7	5
4405	2022-06-28 07:03:27	3390	82	156	64	5
4406	2021-12-17 03:39:50	9699	78	19	7	3
4407	2022-05-07 13:20:30	6847	40	164	61	1
4408	2022-04-12 18:00:48	1407	56	218	84	1
4409	2019-03-29 03:46:21	4622	8	61	24	3
4410	2021-11-10 04:46:57	2481	100	248	91	3
4411	2019-06-30 11:41:05	8268	16	34	17	1
4412	2020-08-03 10:25:22	2022	41	115	46	4
4413	2023-05-10 21:12:48	3862	29	6	2	4
4414	2021-09-25 09:29:19	1868	25	9	6	2
4415	2020-09-11 03:58:56	7716	42	173	65	3
4416	2022-12-24 04:12:18	478	62	7	4	3
4417	2020-03-05 00:25:45	9779	6	79	32	4
4418	2019-11-17 05:48:04	3070	39	9	6	2
4419	2017-01-22 13:15:54	5343	90	261	92	5
4420	2023-01-14 17:08:36	1266	63	164	61	2
4421	2020-09-14 11:46:22	5704	49	248	91	5
4422	2017-06-11 19:26:27	7136	48	115	46	4
4423	2022-07-31 01:16:37	2034	10	188	72	1
4424	2020-06-20 00:44:09	9683	87	46	21	3
4425	2022-04-14 00:17:54	2481	100	105	41	4
4426	2019-06-13 12:46:26	1868	25	9	6	5
4427	2022-06-01 06:15:25	5343	90	118	42	1
4428	2022-10-15 20:55:34	3070	39	218	84	4
4429	2017-09-16 04:00:22	675	21	242	87	5
4430	2022-10-23 04:42:29	8312	13	160	60	4
4431	2018-02-23 21:25:58	2570	45	13	9	2
4432	2021-04-11 08:11:56	5035	54	66	23	1
4433	2016-03-09 15:03:21	6130	79	52	19	4
4434	2020-09-04 14:47:48	7651	44	7	4	4
4435	2022-12-12 01:26:31	2416	83	7	4	3
4436	2022-01-29 20:05:07	4388	50	111	44	2
4437	2022-10-18 06:55:36	2466	2	272	97	5
4438	2023-01-28 10:00:43	2681	68	203	81	5
4439	2021-07-18 03:58:19	1492	98	199	78	3
4440	2016-10-09 06:30:49	8268	16	111	44	3
4441	2023-03-14 00:31:41	528	33	160	60	1
4442	2021-05-24 06:17:22	4419	91	190	73	3
4443	2021-07-14 04:15:50	5704	49	105	41	4
4444	2020-03-08 18:01:47	2644	1	57	26	5
4445	2021-06-05 07:09:50	2034	10	23	15	4
4446	2020-12-15 07:09:31	5947	9	209	76	3
4447	2018-03-05 15:32:13	401	97	191	74	1
4448	2021-12-26 22:31:51	564	73	214	83	2
4449	2022-09-08 06:08:59	2644	1	79	32	1
4450	2023-05-25 09:57:23	1266	63	32	14	1
4451	2022-07-05 15:31:19	2466	2	173	65	4
4452	2021-07-06 14:06:43	2040	14	7	4	5
4453	2022-08-20 16:24:51	5100	88	110	40	3
4454	2022-07-05 17:23:44	3862	29	61	24	5
4455	2016-02-29 10:06:36	6130	79	30	13	1
4456	2023-05-15 11:17:56	8289	86	98	34	3
4457	2023-02-14 10:58:12	9003	34	56	25	3
4458	2023-03-07 13:36:45	8770	18	205	80	2
4459	2022-05-07 21:46:58	6612	69	262	96	2
4460	2022-04-03 23:35:16	9003	34	254	94	4
4461	2023-06-05 20:19:06	9234	38	98	34	2
4462	2022-12-16 22:24:20	1118	92	264	93	2
4463	2023-01-23 00:54:01	2416	83	7	4	3
4464	2020-07-08 14:36:37	1492	98	188	72	4
4465	2022-07-09 16:49:52	2034	10	276	100	4
4466	2023-03-21 21:47:36	7295	53	115	47	1
4467	2022-12-08 00:33:40	5704	49	61	24	5
4468	2021-03-27 02:30:38	9683	87	156	63	4
4469	2023-05-29 13:05:02	675	21	154	55	1
4470	2023-01-01 07:32:41	6602	61	130	50	1
4471	2023-03-12 05:29:54	1385	60	167	66	1
4472	2023-01-20 17:24:35	5991	17	6	2	3
4473	2023-04-26 06:50:54	5100	88	154	55	1
4474	2022-04-28 19:30:38	3862	29	116	43	3
4475	2018-09-15 21:52:49	7630	81	57	26	4
4476	2022-05-25 14:33:15	6412	23	214	83	2
4477	2021-09-26 11:43:28	5035	54	11	1	4
4478	2021-11-29 07:01:52	619	76	7	4	1
4479	2020-03-27 14:09:49	8128	58	248	91	2
4480	2019-02-21 00:04:44	9611	19	46	21	1
4481	2016-06-22 05:47:08	1868	25	141	52	1
4482	2022-12-14 19:37:41	2947	12	205	80	4
4483	2017-07-24 11:46:24	6431	37	14	11	2
4484	2017-08-15 00:49:08	1739	51	191	74	3
4485	2021-02-10 10:30:44	8312	13	105	41	1
4486	2018-02-03 18:34:47	8865	99	203	81	5
4487	2020-11-10 14:24:35	2034	10	254	94	4
4488	2022-01-27 04:14:51	3299	75	190	73	1
4489	2023-05-12 18:04:50	4959	70	170	67	1
4490	2021-02-05 05:00:32	7403	65	110	38	4
4491	2023-01-29 00:28:15	1266	63	164	61	2
4492	2022-04-11 16:05:06	3636	71	248	91	1
4493	2023-04-11 20:13:21	1266	63	98	34	5
4494	2021-06-07 14:01:19	2176	11	7	4	1
4495	2015-10-19 15:29:18	2466	2	30	13	4
4496	2021-11-02 13:31:18	8865	99	214	83	2
4497	2023-04-28 19:18:56	6847	40	98	34	2
4498	2022-02-03 04:46:53	2466	2	162	59	4
4499	2016-09-11 06:50:57	1213	46	34	17	5
4500	2020-05-11 00:20:36	1213	46	199	78	5
4501	2018-03-30 09:33:51	1492	98	111	44	2
4502	2022-11-22 04:57:12	3323	7	115	46	3
4503	2019-12-26 02:29:41	6412	23	5	5	5
4504	2023-05-16 11:32:52	7403	65	154	55	5
4505	2023-03-28 05:38:51	2022	41	170	67	4
4506	2023-03-01 17:35:30	619	76	205	80	4
4507	2016-01-28 09:00:39	3390	82	13	9	1
4508	2023-04-24 23:39:59	237	80	98	34	5
4509	2021-01-03 03:17:37	5035	54	22	8	5
4510	2020-10-21 17:21:09	3390	82	79	32	4
4511	2022-01-09 16:07:53	3236	3	115	46	2
4512	2022-09-25 19:35:00	5952	30	205	80	5
4513	2018-05-26 00:27:33	5947	9	88	30	3
4514	2022-08-11 16:57:41	4419	91	256	95	2
4515	2023-01-07 02:49:10	8268	16	276	100	1
4516	2022-12-25 05:35:02	9611	19	156	64	1
4517	2019-08-11 04:13:10	9611	19	46	21	2
4518	2022-11-22 16:56:31	4388	50	155	62	1
4519	2021-02-06 22:01:51	7295	53	236	88	1
4520	2022-02-19 14:52:44	3862	29	248	91	4
4521	2020-10-20 14:28:06	9699	78	184	68	4
4522	2023-02-24 03:50:43	3862	29	160	60	5
4523	2023-02-19 23:52:14	4090	74	115	47	3
4524	2022-12-20 09:11:16	1118	92	209	76	4
4525	2022-11-08 13:37:38	2416	83	205	80	5
4526	2023-03-09 18:01:14	7403	65	242	87	1
4527	2021-12-12 14:32:21	7403	65	22	8	5
4528	2023-05-17 12:52:39	8020	95	98	34	1
4529	2017-05-13 11:22:56	3236	3	236	88	5
4530	2022-03-17 07:29:27	4423	32	116	43	2
4531	2020-05-24 23:19:03	237	80	10	3	2
4532	2021-03-25 20:25:14	2075	31	203	81	2
4533	2022-12-21 07:02:57	7812	5	116	43	4
4534	2021-10-26 04:05:24	6602	61	262	96	4
4535	2021-06-07 11:07:41	8128	58	61	24	5
4536	2022-04-11 02:00:11	9234	38	164	61	4
4537	2018-12-26 14:23:46	8865	99	203	81	5
4538	2021-07-30 05:17:50	2034	10	155	62	1
4539	2022-11-25 19:55:31	2416	83	205	80	5
4540	2022-03-12 01:04:43	6130	79	261	92	3
4541	2020-01-31 17:26:33	6460	64	9	6	2
4542	2021-12-31 14:52:05	3862	29	116	43	1
4543	2023-04-13 14:04:14	3636	71	6	2	2
4544	2023-05-26 19:49:27	3236	3	115	47	3
4545	2020-08-16 06:51:28	478	62	7	4	3
4546	2019-07-20 02:17:18	7542	85	61	24	1
4547	2023-01-16 03:03:03	8108	22	266	99	5
4548	2023-02-13 01:06:16	6024	96	205	80	1
4549	2021-01-12 20:01:12	3207	57	235	89	3
4550	2019-03-28 16:08:03	4375	55	148	57	3
4551	2019-01-30 00:37:54	8128	58	248	91	2
4552	2023-01-04 02:25:39	9734	52	205	80	4
4553	2021-11-06 09:54:33	4375	55	203	81	4
4554	2021-12-13 05:49:58	3236	3	214	83	2
4555	2021-09-26 00:35:23	7295	53	214	83	1
4556	2019-11-19 22:46:48	1529	28	110	38	5
4557	2021-07-24 05:17:26	675	21	88	30	5
4558	2022-01-19 14:54:43	2416	83	7	4	2
4559	2023-01-26 16:20:17	7729	72	118	42	2
4560	2022-07-26 07:31:40	5704	49	105	41	1
4561	2019-03-23 20:39:47	3236	3	203	81	1
4562	2019-03-14 00:03:01	7403	65	242	87	5
4563	2019-11-02 03:09:21	9699	78	184	68	5
4564	2020-07-04 12:30:46	2034	10	23	15	5
4565	2019-05-13 10:30:56	2310	20	30	13	3
4566	2020-04-11 05:23:24	13	24	5	5	2
4567	2022-07-14 19:46:47	6431	37	135	51	2
4568	2021-12-02 04:29:18	9266	36	162	59	2
4569	2022-12-16 21:27:23	8020	95	164	61	2
4570	2022-08-18 10:54:05	3390	82	178	70	4
4571	2022-06-22 02:25:10	1213	46	89	35	4
4572	2020-04-10 15:27:53	1213	46	111	44	5
4573	2023-05-10 03:49:03	4959	70	115	47	2
4574	2020-02-09 13:14:03	4388	50	199	78	3
4575	2018-01-19 03:02:46	6431	37	14	11	1
4576	2022-09-28 23:58:35	7542	85	6	2	4
4577	2021-05-19 08:20:46	5704	49	105	41	2
4578	2023-02-24 00:35:32	401	97	191	75	4
4579	2023-05-28 04:58:14	4090	74	170	67	5
4580	2022-04-16 00:09:39	9234	38	10	3	5
4581	2022-06-05 22:01:37	4622	8	61	24	5
4582	2022-08-21 15:01:36	5384	35	110	40	3
4583	2023-02-05 14:35:38	4959	70	115	47	3
4584	2022-10-27 11:07:07	3299	75	212	82	5
4585	2018-08-22 16:44:55	6602	61	53	22	5
4586	2020-07-08 00:07:50	2570	45	178	70	5
4587	2023-01-08 21:07:58	3236	3	115	47	4
4588	2021-09-26 19:36:49	3390	82	90	36	2
4589	2020-09-24 18:04:54	6660	59	199	78	4
4590	2020-06-07 13:34:29	4959	70	148	57	1
4591	2022-10-27 00:11:43	7812	5	6	2	1
4592	2018-08-30 21:23:20	5947	9	110	38	3
4593	2018-03-27 05:57:51	9683	87	200	79	2
4594	2023-05-25 14:58:20	8020	95	32	14	3
4595	2022-06-11 05:34:39	5384	35	264	93	2
4596	2022-05-12 11:14:58	401	97	59	27	4
4597	2023-05-01 02:59:31	5947	9	66	23	4
4598	2022-11-18 16:45:45	619	76	205	80	4
4599	2018-09-25 03:47:16	564	73	115	46	5
4600	2021-10-23 19:59:27	9611	19	178	70	2
4601	2022-12-16 18:18:11	5952	30	205	80	3
4602	2020-04-03 05:22:39	4959	70	5	5	2
4603	2021-09-23 15:22:00	7542	85	116	43	3
4604	2020-03-22 00:16:44	3207	57	191	75	1
4605	2022-10-18 19:57:22	5991	17	160	60	2
4606	2021-11-07 20:50:13	7812	5	116	43	2
4607	2022-02-10 13:20:44	2947	12	7	4	2
4608	2019-09-01 19:36:39	6647	67	146	56	2
4609	2022-11-05 14:32:30	9234	38	208	77	5
4610	2023-01-09 08:07:03	9699	78	118	42	3
4611	2023-05-02 20:03:38	2176	11	205	80	2
4612	2023-05-10 12:58:31	6647	67	25	16	3
4613	2021-05-05 12:31:26	4419	91	223	86	1
4614	2023-02-28 14:31:02	7651	44	205	80	1
4615	2020-12-01 02:51:38	4622	8	105	41	5
4616	2021-02-16 00:49:31	4622	8	105	41	4
4617	2022-12-17 00:24:33	9734	52	205	80	1
4618	2021-11-27 16:54:13	2310	20	129	49	5
4619	2022-03-17 21:43:34	6647	67	212	82	4
4620	2023-05-26 22:28:24	369	93	32	14	1
4621	2020-05-21 11:37:11	8108	22	178	70	1
4622	2018-08-11 20:32:50	4328	43	209	76	2
4623	2023-01-29 04:23:43	6460	64	262	96	1
4624	2016-12-09 15:15:12	7729	72	52	19	2
4625	2023-03-27 21:00:17	4959	70	170	67	3
4626	2018-11-23 07:22:18	2034	10	34	17	1
4627	2021-05-26 02:27:39	1493	84	214	83	2
4628	2023-04-20 19:52:32	7729	72	272	98	3
4629	2022-04-29 00:49:13	369	93	164	61	4
4630	2023-05-02 02:23:28	9234	38	98	34	3
4631	2020-12-04 15:50:31	9699	78	184	68	5
4632	2019-07-24 12:30:29	9683	87	178	69	4
4633	2018-03-17 10:47:15	3323	7	203	81	3
4634	2023-05-13 17:18:40	2481	100	160	60	1
4635	2021-10-08 04:32:06	6602	61	130	50	4
4636	2019-05-18 00:19:35	4419	91	146	56	1
4637	2023-06-02 16:54:04	237	80	32	14	1
4638	2022-04-04 20:31:35	8684	26	167	66	4
4639	2022-02-24 02:46:57	6660	59	188	72	4
4640	2021-03-09 20:01:54	2570	45	46	21	5
4641	2018-05-10 00:33:38	9779	6	57	26	2
4642	2023-03-30 10:42:47	2075	31	170	67	4
4643	2019-07-19 07:43:04	13	24	148	57	4
4644	2018-12-07 16:11:42	2466	2	30	13	2
4645	2018-04-11 03:15:36	6130	79	30	13	4
4646	2021-12-13 09:34:16	4419	91	135	51	5
4647	2023-03-31 11:46:02	2532	47	52	20	4
4648	2022-09-23 23:15:49	1739	51	59	28	4
4649	2021-11-28 19:10:03	3636	71	61	24	2
4650	2023-05-14 23:46:02	3299	75	223	86	5
4651	2023-05-20 19:20:08	3207	57	213	85	2
4652	2022-06-20 09:14:29	2022	41	5	5	5
4653	2023-05-22 06:40:23	3390	82	178	70	5
4654	2019-11-08 05:34:46	675	21	264	93	1
4655	2023-05-08 06:37:50	7403	65	253	90	3
4656	2023-05-15 14:37:30	4419	91	25	16	2
4657	2020-06-25 08:58:11	564	73	203	81	5
4658	2019-11-09 18:44:47	2570	45	79	32	1
4659	2021-03-01 10:41:30	4090	74	148	57	2
4660	2020-01-16 11:55:25	4375	55	148	57	5
4661	2023-05-08 04:06:56	3323	7	115	47	5
4662	2017-08-01 04:59:33	1529	28	209	76	1
4663	2019-12-29 04:04:06	3953	4	148	57	3
4664	2018-07-21 07:58:16	7630	81	79	31	1
4665	2016-12-06 04:40:14	4622	8	248	91	1
4666	2022-12-18 05:41:50	4423	32	116	43	4
4667	2021-12-10 14:32:31	8684	26	167	66	2
4668	2022-12-10 11:42:40	8289	86	164	61	3
4669	2022-12-12 03:36:43	478	62	205	80	3
4670	2023-03-28 08:17:01	3236	3	148	57	1
4671	2023-04-27 02:24:59	5343	90	272	98	1
4672	2021-11-29 22:21:18	2681	68	5	5	5
4673	2019-06-20 17:55:52	9611	19	178	69	1
4674	2020-06-28 14:47:55	6612	69	218	84	1
4675	2020-11-07 21:52:42	1493	84	115	46	1
4676	2022-11-17 00:09:10	9234	38	164	61	2
4677	2022-07-12 23:15:10	6612	69	130	50	5
4678	2023-03-23 04:28:14	6024	96	205	80	3
4679	2022-08-24 10:07:40	528	33	116	43	1
4680	2023-05-15 20:53:12	5952	30	205	80	5
4681	2019-05-20 14:16:39	3390	82	13	9	5
4682	2021-12-29 08:22:36	5991	17	116	43	1
4683	2017-04-04 07:13:15	7295	53	236	88	3
4684	2021-03-03 15:48:10	3390	82	178	70	2
4685	2021-09-21 06:10:54	6660	59	188	72	3
4686	2021-08-28 14:51:40	7716	42	162	59	1
4687	2022-02-28 18:10:45	6647	67	212	82	1
4688	2023-02-28 02:25:19	7295	53	148	57	4
4689	2020-04-23 08:41:53	2075	31	203	81	5
4690	2020-11-26 03:20:59	6660	59	199	78	3
4691	2020-11-21 11:20:54	4375	55	5	5	4
4692	2021-06-15 11:16:13	564	73	214	83	5
4693	2022-05-04 06:34:15	1266	63	208	77	5
4694	2020-06-16 16:46:49	7716	42	173	65	3
4695	2022-11-19 03:57:19	2570	45	46	21	2
4696	2022-04-11 23:02:09	2466	2	151	53	1
4697	2019-04-24 14:46:21	2681	68	115	46	5
4698	2021-01-06 23:44:00	9734	52	7	4	3
4699	2021-05-29 12:25:23	3953	4	236	88	1
4700	2022-01-23 01:17:58	7542	85	116	43	1
4701	2023-04-30 11:33:24	6024	96	205	80	2
4702	2022-08-16 21:59:22	9003	34	111	44	4
4703	2023-05-03 17:11:03	478	62	205	80	2
4704	2020-10-10 20:44:23	7651	44	7	4	5
4705	2022-03-24 15:24:23	6431	37	135	51	1
4706	2021-12-11 05:21:47	6024	96	7	4	2
4707	2023-03-17 16:53:02	6647	67	212	82	4
4708	2020-11-09 22:36:53	3299	75	146	56	1
4709	2022-08-04 12:35:52	8268	16	56	25	4
4710	2022-11-02 04:49:13	3070	39	262	96	3
4711	2018-01-02 04:43:37	7729	72	272	97	5
4712	2021-09-27 13:23:33	3323	7	5	5	5
4713	2018-11-12 07:28:59	13	24	115	46	5
4714	2023-04-22 23:50:40	2644	1	266	99	5
4715	2019-06-07 16:37:27	7542	85	61	24	5
4716	2018-08-30 07:12:13	6412	23	115	46	1
4717	2023-05-21 11:10:17	1492	98	56	25	5
4718	2018-05-04 02:46:09	3390	82	79	31	2
4719	2022-12-04 00:59:29	3390	82	266	99	2
4720	2022-01-11 03:01:28	401	97	114	48	5
4721	2019-06-02 10:34:18	6660	59	67	29	1
4722	2021-01-05 16:55:47	2034	10	23	15	1
4723	2023-05-21 16:28:13	5343	90	272	98	2
4724	2016-05-16 02:23:28	5947	9	242	87	2
4725	2022-07-05 01:23:58	6431	37	135	51	3
4726	2023-04-15 11:18:58	9003	34	56	25	4
4727	2021-02-27 22:30:57	401	97	235	89	4
4728	2018-10-05 20:41:31	3070	39	53	22	4
4729	2022-12-17 09:37:07	3862	29	6	2	4
4730	2020-06-18 13:20:17	5952	30	7	4	3
4731	2022-01-21 02:19:18	4419	91	212	82	5
4732	2020-01-25 08:57:10	1493	84	5	5	4
4733	2022-06-18 12:44:42	1213	46	34	17	1
4734	2019-11-07 13:51:45	6460	64	218	84	4
4735	2020-09-15 23:39:47	2034	10	199	78	4
4736	2022-07-21 05:49:44	8108	22	90	36	5
4737	2023-05-13 02:02:46	2034	10	23	15	2
4738	2021-09-28 04:51:53	6460	64	262	96	5
4739	2022-03-09 21:52:53	1407	56	130	50	2
4740	2022-01-08 19:11:20	9699	78	272	97	1
4741	2022-01-01 20:41:37	9699	78	162	59	3
4742	2020-05-21 19:24:28	5035	54	66	23	4
4743	2020-09-26 10:01:04	1407	56	53	22	5
4744	2016-05-25 02:48:26	2310	20	30	13	2
4745	2020-10-15 07:03:37	6612	69	9	6	3
4746	2022-10-25 04:27:58	9234	38	164	61	1
4747	2023-01-26 21:56:19	1118	92	253	90	3
4748	2023-03-27 13:56:57	7716	42	173	65	2
4749	2022-11-17 17:29:24	5035	54	110	40	3
4750	2019-08-23 23:56:24	6647	67	146	56	4
4751	2022-01-28 01:42:51	369	93	10	3	3
4752	2022-09-25 09:59:41	1385	60	13	10	3
4753	2020-03-01 17:17:13	619	76	7	4	4
4754	2022-12-21 21:59:20	5343	90	52	20	2
4755	2022-10-15 01:12:49	6612	69	97	37	1
4756	2022-07-19 16:46:14	8268	16	23	15	2
4757	2019-10-19 19:17:32	2532	47	129	49	3
4758	2023-05-07 22:05:00	4419	91	25	16	5
4759	2023-01-20 11:24:16	1914	77	59	28	4
4760	2020-02-09 01:34:51	2176	11	7	4	2
4761	2021-01-18 14:35:07	8268	16	199	78	2
4762	2021-04-02 00:17:28	3953	4	5	5	2
4763	2022-11-11 09:26:53	2466	2	151	53	2
4764	2023-05-18 06:21:31	2867	66	213	85	5
4765	2020-05-08 06:35:19	4375	55	5	5	2
4766	2022-10-28 11:07:28	2947	12	205	80	3
4767	2019-11-06 04:30:25	237	80	208	77	5
4768	2018-02-06 08:59:24	1407	56	53	22	3
4769	2017-10-09 05:57:11	9003	34	111	44	5
4770	2019-10-12 12:24:53	8268	16	155	62	4
4771	2021-02-15 17:58:08	6024	96	7	4	2
4772	2022-11-27 18:56:22	6431	37	256	95	2
4773	2021-02-02 14:13:49	2310	20	261	92	3
4774	2022-11-29 01:23:29	8312	13	248	91	5
4775	2023-04-21 02:39:01	7716	42	272	98	2
4776	2022-12-29 02:19:50	9026	27	164	61	5
4777	2018-11-21 12:10:04	9779	6	79	32	2
4778	2023-06-05 19:05:42	1481	94	32	14	1
4779	2021-12-14 22:22:58	8865	99	214	83	2
4780	2023-06-01 04:22:28	8268	16	56	25	2
4781	2020-10-18 10:32:24	675	21	66	23	4
4782	2022-11-21 03:36:55	619	76	205	80	2
4783	2023-04-19 04:40:46	528	33	160	60	3
4784	2023-02-11 16:52:58	675	21	209	76	4
4785	2021-01-19 07:59:28	9003	34	254	94	1
4786	2022-08-11 15:16:56	2481	100	248	91	4
4787	2022-11-23 02:59:32	1213	46	155	62	2
4788	2023-05-09 02:47:10	1266	63	164	61	1
4789	2022-11-15 19:43:23	2947	12	7	4	2
4790	2023-01-15 02:52:08	7295	53	115	47	4
4791	2023-01-13 03:53:53	4622	8	160	60	1
4792	2022-11-10 06:16:26	1493	84	148	57	4
4793	2021-07-31 08:16:35	8268	16	23	15	1
4794	2023-04-26 01:08:07	3207	57	59	28	2
4795	2022-05-02 11:47:30	5384	35	110	39	4
4796	2021-01-22 00:43:56	7651	44	7	4	1
4797	2023-03-24 19:33:14	3070	39	141	52	5
4798	2021-04-27 17:06:54	2570	45	46	21	5
4799	2020-01-09 15:03:50	6847	40	208	77	3
4800	2023-04-21 01:30:45	528	33	6	2	4
4801	2021-10-08 20:16:42	3207	57	147	58	3
4802	2018-11-07 15:40:59	5947	9	242	87	4
4803	2021-10-02 20:05:13	3299	75	190	73	3
4804	2023-05-28 14:08:56	3636	71	6	2	3
4805	2023-03-12 15:11:12	7403	65	242	87	4
4806	2021-08-13 03:34:15	4388	50	23	15	5
4807	2021-11-18 23:44:00	1213	46	254	94	2
4808	2020-06-15 23:14:04	8108	22	200	79	1
4809	2023-06-03 07:14:47	237	80	32	14	2
4810	2021-10-23 10:37:33	6460	64	130	50	5
4811	2023-04-21 16:57:37	1493	84	170	67	2
4812	2018-08-17 04:06:51	3207	57	191	74	5
4813	2021-11-15 13:29:20	446	15	262	96	3
4814	2020-11-21 01:03:21	4622	8	105	41	2
4815	2021-07-24 23:28:59	9734	52	7	4	1
4816	2018-01-27 11:10:22	6412	23	115	46	3
4817	2021-11-03 13:03:28	9779	6	90	36	2
4818	2022-03-06 06:55:13	5704	49	105	41	4
4819	2018-04-15 02:57:44	13	24	203	81	2
4820	2022-04-30 05:39:20	5384	35	110	39	2
4821	2019-06-21 01:21:17	5704	49	248	91	2
4822	2022-09-14 23:39:58	3636	71	6	2	3
4823	2023-04-07 10:32:13	1704	89	7	4	4
4824	2019-11-11 13:21:19	6602	61	53	22	2
4825	2023-04-23 00:48:04	1266	63	98	34	5
4826	2022-06-03 12:33:47	1493	84	214	83	1
4827	2019-06-07 03:22:26	1492	98	155	62	3
4828	2022-05-10 23:42:08	8865	99	5	5	5
4829	2022-09-22 08:35:36	3636	71	116	43	4
4830	2023-04-23 11:07:38	9734	52	205	80	4
4831	2023-05-18 23:55:09	7716	42	272	98	3
4832	2017-01-02 23:27:31	4090	74	236	88	2
4833	2016-11-07 06:37:14	8865	99	236	88	4
4834	2023-01-14 00:53:23	3236	3	5	5	4
4835	2023-03-31 20:58:17	3070	39	130	50	2
4836	2022-11-29 06:06:42	4423	32	105	41	5
4837	2022-03-05 01:13:39	8865	99	148	57	3
4838	2023-02-13 08:49:03	564	73	115	47	2
4839	2022-04-14 21:31:27	1493	84	5	5	3
4840	2022-04-23 16:25:58	6460	64	9	6	2
4841	2018-09-29 02:50:57	13	24	203	81	4
4842	2018-01-19 01:59:39	1868	25	218	84	2
4843	2020-12-29 22:23:38	2570	45	13	9	1
4844	2023-04-15 22:08:07	6412	23	170	67	2
4845	2023-02-13 05:03:33	2176	11	7	4	4
4846	2018-08-09 02:35:10	9003	34	67	29	4
4847	2023-04-03 20:14:15	8865	99	170	67	5
4848	2022-09-20 18:15:36	9611	19	200	79	5
4849	2021-03-03 13:33:19	9026	27	10	3	2
4850	2018-08-01 01:26:49	8684	26	57	26	1
4851	2022-05-13 23:23:37	4375	55	203	81	2
4852	2017-05-13 20:26:18	1529	28	242	87	2
4853	2023-02-03 01:59:15	619	76	205	80	5
4854	2022-10-19 01:38:42	5704	49	105	41	2
4855	2021-11-11 07:20:24	6130	79	30	13	2
4856	2017-08-19 13:46:53	2034	10	34	17	2
4857	2021-11-29 07:44:11	5100	88	264	93	2
4858	2023-02-10 07:56:34	2075	31	115	47	4
4859	2023-05-22 02:56:42	5384	35	154	55	4
4860	2021-09-19 09:24:28	9699	78	151	53	3
4861	2022-10-21 05:56:31	564	73	214	83	3
4862	2018-07-27 21:41:31	2022	41	115	46	4
4863	2023-01-25 16:05:02	2416	83	205	80	4
4864	2022-02-02 21:56:43	5991	17	248	91	4
4865	2023-06-04 13:47:37	9026	27	98	34	3
4866	2023-05-01 22:23:28	2022	41	170	67	1
4867	2018-12-16 19:14:43	7136	48	203	81	4
4868	2023-02-12 03:35:36	1213	46	56	25	2
4869	2021-12-16 01:37:57	1213	46	155	62	2
4870	2023-04-15 15:51:14	7136	48	170	67	1
4871	2021-06-20 16:48:58	3390	82	156	63	2
4872	2023-03-10 03:08:28	564	73	5	5	5
4873	2021-06-11 14:17:38	9734	52	7	4	4
4874	2020-12-02 00:51:23	6647	67	146	56	2
4875	2022-08-09 12:33:55	3070	39	141	52	3
4876	2018-02-23 08:08:25	2570	45	79	31	5
4877	2022-05-05 10:15:53	2310	20	129	49	2
4878	2023-05-15 05:14:07	13	24	115	47	3
4879	2016-10-08 06:11:25	1492	98	111	44	2
4880	2021-01-07 05:17:54	8312	13	105	41	2
4881	2022-11-23 09:14:02	2034	10	23	15	2
4882	2023-01-25 19:54:07	2075	31	115	47	1
4883	2020-10-13 09:43:44	2466	2	162	59	1
4884	2018-09-10 07:48:39	1385	60	79	32	1
4885	2019-07-10 11:25:51	3390	82	178	69	3
4886	2020-08-22 20:26:19	2022	41	5	5	1
4887	2023-05-15 02:27:59	1739	51	213	85	4
4888	2019-05-05 09:51:42	2310	20	162	59	4
4889	2022-12-30 18:49:24	4328	43	253	90	4
4890	2017-04-03 07:26:57	8684	26	200	79	5
4891	2022-05-26 04:40:43	3070	39	53	22	2
4892	2022-07-14 16:33:31	4622	8	61	24	4
4893	2023-03-15 22:02:11	6024	96	205	80	2
4894	2018-06-24 09:36:22	3390	82	13	9	3
4895	2019-11-09 03:43:46	7729	72	184	68	1
4896	2018-06-06 12:23:32	2075	31	115	46	4
4897	2019-12-14 23:39:36	9611	19	46	21	1
4898	2019-11-25 17:54:28	7295	53	115	46	4
4899	2022-10-04 12:19:04	8312	13	105	41	3
4900	2020-10-22 09:40:23	2681	68	203	81	5
4901	2022-09-15 11:18:28	3953	4	5	5	3
4902	2022-01-24 15:40:01	6660	59	89	35	1
4903	2023-03-07 21:32:08	5991	17	160	60	1
4904	2017-09-29 21:55:57	9779	6	200	79	5
4905	2022-11-26 03:51:56	7812	5	160	60	5
4906	2021-10-05 13:40:50	3390	82	178	70	1
4907	2022-04-14 08:01:04	369	93	164	61	1
4908	2023-04-07 13:48:23	478	62	205	80	5
4909	2016-09-27 17:52:29	2532	47	272	97	1
4910	2018-02-16 22:07:33	9683	87	57	26	4
4911	2019-11-17 23:01:33	1492	98	188	72	5
4912	2022-07-05 09:09:06	8128	58	116	43	1
4913	2019-03-26 14:23:55	5343	90	173	65	2
4914	2019-10-14 00:36:11	6847	40	208	77	1
4915	2020-10-14 03:14:01	3070	39	9	6	2
4916	2022-06-06 18:40:03	4622	8	6	2	5
4917	2020-11-28 13:06:01	446	15	97	37	2
4918	2023-02-14 04:23:51	2681	68	115	47	4
4919	2022-04-26 12:18:11	564	73	115	46	1
4920	2023-05-05 08:55:35	3207	57	147	58	1
4921	2023-02-10 21:56:07	2416	83	205	80	4
4922	2020-08-09 21:38:33	5947	9	209	76	2
4923	2020-01-22 01:04:44	7136	48	148	57	4
4924	2020-11-13 13:21:48	3323	7	5	5	5
4925	2023-06-04 04:50:15	8020	95	32	14	4
4926	2022-01-20 04:23:20	5704	49	116	43	3
4927	2021-11-02 14:54:32	9234	38	10	3	5
4928	2018-10-06 11:40:52	1739	51	114	48	4
4929	2021-08-10 10:04:56	5343	90	118	42	3
4930	2021-01-09 08:12:51	2022	41	203	81	2
4931	2021-10-07 20:36:25	7295	53	115	46	3
4932	2022-05-06 05:50:49	2644	1	90	36	4
4933	2019-03-15 23:47:03	1739	51	191	74	5
4934	2020-10-16 10:45:27	3862	29	248	91	5
4935	2019-08-17 13:42:02	13	24	236	88	2
4936	2022-09-15 14:43:19	2481	100	105	41	2
4937	2023-02-04 12:29:31	6847	40	164	61	4
4938	2022-12-02 10:35:19	7651	44	205	80	1
4939	2022-09-11 02:28:36	2947	12	205	80	5
4940	2016-05-12 12:11:11	1739	51	191	74	4
4941	2022-12-02 00:07:22	564	73	203	81	1
4942	2018-12-30 01:32:05	6612	69	218	84	1
4943	2017-04-11 01:34:14	8865	99	236	88	4
4944	2022-12-29 12:38:12	8770	18	205	80	2
4945	2020-08-13 00:54:49	2176	11	7	4	5
4946	2021-08-04 02:33:17	6412	23	214	83	2
4947	2022-07-04 04:34:58	4622	8	6	2	1
4948	2017-04-05 22:29:11	675	21	66	23	5
4949	2019-03-08 13:05:11	1407	56	218	84	1
4950	2022-10-11 03:24:20	401	97	59	28	3
4951	2021-09-12 07:24:09	4419	91	36	18	2
4952	2022-09-13 03:21:44	7542	85	116	43	1
4953	2023-04-16 20:46:41	7630	81	167	66	3
4954	2023-02-05 23:35:44	8289	86	164	61	1
4955	2023-04-22 01:50:01	4423	32	160	60	2
4956	2022-12-20 15:01:46	5343	90	118	42	1
4957	2023-03-04 21:51:21	1118	92	11	1	2
4958	2021-01-04 02:29:41	5952	30	7	4	5
4959	2020-08-02 21:17:56	2040	14	7	4	2
4960	2022-06-20 16:37:03	6460	64	97	37	1
4961	2021-06-15 21:06:43	1407	56	9	6	1
4962	2022-05-17 21:28:38	6612	69	130	50	5
4963	2023-04-26 11:12:12	9234	38	98	34	3
4964	2022-10-03 20:34:20	1213	46	276	100	1
4965	2021-01-31 12:36:34	4388	50	188	72	1
4966	2023-06-03 14:03:55	369	93	32	14	5
4967	2021-09-29 10:38:12	1868	25	130	50	4
4968	2020-11-02 07:49:36	1868	25	53	22	1
4969	2023-05-30 07:02:37	237	80	32	14	3
4970	2023-05-04 23:12:03	7295	53	115	47	2
4971	2020-12-01 01:23:44	4622	8	105	41	2
4972	2023-05-25 17:47:22	1266	63	98	34	1
4973	2023-03-05 02:59:37	7295	53	214	83	1
4974	2020-06-29 22:15:28	7295	53	236	88	5
4975	2023-05-20 06:07:58	5704	49	160	60	2
4976	2022-02-10 04:05:29	1914	77	191	75	3
4977	2020-10-09 04:55:58	5035	54	110	38	5
4978	2022-11-10 03:14:55	6024	96	205	80	4
4979	2023-04-01 05:31:24	2176	11	205	80	1
4980	2023-05-29 01:19:56	8289	86	32	14	5
4981	2018-03-10 02:27:45	4388	50	188	71	5
4982	2019-10-21 01:58:02	5384	35	99	33	1
4983	2022-04-25 00:54:03	5035	54	110	39	2
4984	2021-09-29 19:43:55	6602	61	130	50	1
4985	2023-04-17 19:44:54	4388	50	276	100	3
4986	2021-05-06 05:13:38	3323	7	214	83	1
4987	2023-01-18 20:23:36	4090	74	203	81	1
4988	2021-05-01 03:17:12	7651	44	7	4	4
4989	2015-10-01 01:16:34	6660	59	188	71	2
4990	2022-07-14 07:13:32	446	15	97	37	3
4991	2023-04-11 03:52:41	9234	38	98	34	2
4992	2020-03-17 19:00:36	6024	96	7	4	4
4993	2021-09-26 02:28:08	5991	17	116	43	5
4994	2023-05-25 21:24:06	8289	86	32	14	4
4995	2018-07-24 08:35:52	7729	72	52	20	1
4996	2023-04-06 16:05:37	7716	42	118	42	5
4997	2023-01-03 10:57:38	6602	61	130	50	3
4998	2015-03-21 02:09:32	6660	59	188	71	3
4999	2023-06-04 22:50:35	2022	41	148	57	3
5000	2019-11-27 10:48:20	5947	9	11	1	2
5001	2022-02-13 10:43:37	3862	29	116	43	2
5002	2020-08-31 17:03:34	6847	40	208	77	4
5003	2017-11-20 09:45:24	8128	58	248	91	4
5004	2020-12-15 09:47:06	6460	64	141	52	2
5005	2018-12-12 20:42:57	6612	69	141	52	5
5006	2018-03-09 21:27:12	7403	65	88	30	3
5007	2023-02-08 22:08:25	4375	55	203	81	1
5008	2020-08-05 12:39:10	446	15	141	52	4
5009	2021-11-21 10:57:05	6130	79	118	42	2
5010	2021-05-27 05:10:20	1266	63	10	3	4
5011	2020-08-31 08:50:04	5100	88	11	1	5
5012	2023-06-02 21:12:21	9234	38	32	14	4
5013	2022-01-24 03:59:12	478	62	7	4	5
5014	2022-03-24 03:48:52	6847	40	164	61	4
5015	2019-03-13 06:58:05	2681	68	236	88	2
5016	2022-04-06 10:25:27	5991	17	6	2	2
5017	2023-04-12 15:20:35	7716	42	272	98	1
5018	2021-12-26 18:01:32	2681	68	5	5	5
5019	2022-03-14 23:31:26	7812	5	61	24	4
5020	2016-04-01 05:14:51	4388	50	188	71	5
5021	2023-03-24 07:12:05	478	62	205	80	4
5022	2022-03-06 23:17:17	4622	8	116	43	1
5023	2023-04-06 22:14:12	446	15	9	6	3
5024	2021-03-18 16:23:42	4959	70	5	5	3
5025	2020-04-27 01:10:51	3390	82	178	70	5
5026	2018-10-09 14:17:48	8128	58	248	91	2
5027	2020-12-19 15:04:14	1266	63	208	77	5
5028	2023-06-05 10:35:29	5952	30	205	80	2
5029	2022-11-25 09:10:22	2176	11	205	80	1
5030	2021-10-04 11:08:09	13	24	148	57	5
5031	2018-07-01 17:14:25	675	21	110	38	4
5032	2021-01-19 08:10:59	2481	100	248	91	4
5033	2023-05-19 16:40:58	4959	70	170	67	1
5034	2022-09-01 05:26:09	3390	82	13	10	1
5035	2022-11-02 04:49:44	2867	66	191	75	4
5036	2022-09-15 07:53:08	2867	66	114	48	4
5037	2020-10-01 17:18:25	8020	95	208	77	5
5038	2023-05-14 16:45:08	6130	79	272	98	2
5039	2022-11-08 13:54:23	1914	77	59	28	4
5040	2022-09-25 23:49:25	8128	58	160	60	4
5041	2022-02-16 20:31:41	7630	81	90	36	4
5042	2022-04-24 04:02:23	4328	43	110	39	2
5043	2018-02-01 04:39:49	9266	36	30	13	5
5044	2018-12-23 05:43:39	7729	72	272	97	3
5045	2021-03-20 10:42:16	4959	70	115	46	4
5046	2022-09-26 16:06:01	7542	85	6	2	4
5047	2023-02-06 18:54:45	2681	68	115	47	4
5048	2023-05-31 09:47:10	8020	95	32	14	2
5049	2019-09-14 05:55:02	7542	85	105	41	2
5050	2023-03-01 08:24:14	6024	96	205	80	2
5051	2020-09-26 03:26:27	4622	8	248	91	5
5052	2023-03-14 04:53:36	401	97	147	58	5
5053	2023-05-28 05:18:25	4959	70	170	67	2
5054	2022-01-13 04:10:43	5952	30	7	4	4
5055	2019-01-17 02:11:31	8865	99	203	81	3
5056	2022-05-06 17:21:07	9003	34	155	62	1
5057	2023-02-15 22:52:19	478	62	7	4	1
5058	2022-10-31 22:28:50	8312	13	160	60	4
5059	2017-07-06 07:20:56	5100	88	22	8	4
5060	2022-12-31 09:58:26	8020	95	208	77	3
5061	2020-01-22 13:55:37	1868	25	141	52	2
5062	2020-05-21 02:26:21	6024	96	7	4	2
5063	2021-11-10 01:53:58	6130	79	173	65	3
5064	2020-05-07 09:51:53	2310	20	184	68	1
5065	2020-02-09 21:47:54	9266	36	129	49	5
5066	2023-05-21 15:40:49	4959	70	115	47	1
5067	2019-05-29 07:35:55	13	24	203	81	2
5068	2019-08-17 03:37:04	5947	9	99	33	3
5069	2018-03-23 22:11:48	3390	82	79	31	2
5070	2022-10-09 09:29:34	5100	88	110	40	4
5071	2023-04-23 10:41:53	8865	99	170	67	3
5072	2023-03-23 10:38:00	478	62	205	80	4
5073	2021-01-29 03:51:29	2867	66	114	48	4
5074	2022-10-22 23:28:58	6602	61	130	50	2
5075	2021-09-08 21:50:15	2040	14	7	4	4
5076	2022-05-04 00:33:19	675	21	110	39	2
5077	2023-05-01 09:20:35	8289	86	98	34	1
5078	2020-05-27 00:13:04	7812	5	248	91	2
5079	2022-01-26 22:22:20	8684	26	167	66	5
5080	2023-05-31 13:12:12	237	80	32	14	4
5081	2023-05-24 05:41:57	3299	75	25	16	1
5082	2022-07-07 07:19:04	5991	17	6	2	3
5083	2023-05-23 18:10:24	237	80	98	34	2
5084	2022-10-03 20:52:22	6024	96	7	4	4
5085	2022-11-22 08:52:10	6647	67	256	95	2
5086	2022-12-03 17:17:23	4622	8	160	60	2
5087	2022-04-10 10:04:28	478	62	7	4	3
5088	2022-08-18 10:23:30	2644	1	266	99	2
5089	2023-06-01 14:55:38	8770	18	205	80	3
5090	2022-10-19 14:39:03	2644	1	13	10	2
5091	2022-05-07 20:21:04	2481	100	6	2	4
5092	2021-09-30 18:11:43	4622	8	116	43	1
5093	2023-04-07 01:39:54	9234	38	10	3	5
5094	2021-05-01 10:27:35	6431	37	36	18	3
5095	2023-04-18 17:22:23	6130	79	184	68	1
5096	2022-08-21 21:47:04	3236	3	214	83	1
5097	2022-09-03 21:12:08	8289	86	164	61	4
5098	2021-11-08 10:05:47	5343	90	118	42	1
5099	2020-03-13 17:15:56	1529	28	110	38	1
5100	2021-12-31 15:28:32	4622	8	116	43	1
5101	2020-12-02 12:52:46	8108	22	13	9	4
5102	2018-01-30 04:20:08	1529	28	22	8	3
5103	2019-07-26 04:09:30	8108	22	178	69	4
5104	2020-04-30 16:08:35	2867	66	235	89	5
5105	2021-03-22 09:56:04	1868	25	53	22	5
5106	2020-01-17 16:04:59	7542	85	248	91	4
5107	2021-11-03 23:11:04	5384	35	88	30	2
5108	2022-10-24 02:12:00	8312	13	6	2	1
5109	2022-06-17 20:53:00	9699	78	118	42	2
5110	2020-12-20 16:11:08	8020	95	10	3	4
5111	2023-05-17 00:56:17	1481	94	98	34	4
5112	2023-02-15 20:26:03	2570	45	13	10	3
5113	2023-06-04 11:15:02	8108	22	178	70	1
5114	2022-11-07 02:53:11	1385	60	167	66	3
5115	2022-08-12 03:59:13	2570	45	266	99	2
5116	2022-12-05 22:44:26	1914	77	147	58	1
5117	2021-09-17 11:59:30	1266	63	10	3	1
5118	2023-04-04 21:15:57	9026	27	164	61	2
5119	2020-07-18 11:38:57	2532	47	129	49	5
5120	2023-04-04 15:11:01	619	76	7	4	3
5121	2023-05-27 23:11:40	1481	94	32	14	2
5122	2023-05-17 06:04:03	7295	53	170	67	1
5123	2022-04-25 02:53:19	3862	29	248	91	2
5124	2022-08-20 15:54:06	2416	83	205	80	1
5125	2023-04-03 17:33:56	4328	43	110	40	2
5126	2022-11-01 14:23:42	7630	81	57	26	3
5127	2018-05-07 06:29:36	9266	36	151	53	4
5128	2022-02-17 08:39:50	8268	16	188	72	1
5129	2019-03-28 10:26:23	9699	78	52	20	5
5130	2021-06-28 23:17:24	2570	45	57	26	3
5131	2017-01-26 12:11:41	5035	54	66	23	3
5132	2020-08-18 23:22:17	5952	30	7	4	5
5133	2023-05-30 06:31:12	369	93	32	14	4
5134	2022-10-15 21:20:30	6847	40	164	61	1
5135	2023-04-18 08:39:21	2644	1	13	10	5
5136	2022-06-08 20:39:46	2681	68	214	83	5
5137	2022-06-17 15:34:53	8684	26	79	32	2
5138	2023-06-04 05:21:19	237	80	32	14	5
5139	2023-04-18 23:20:05	5384	35	154	55	1
5140	2023-03-19 06:37:09	401	97	147	58	3
5141	2021-08-02 15:39:24	9611	19	156	63	2
5142	2021-03-01 19:56:23	4423	32	105	41	4
5143	2021-11-26 18:53:58	2481	100	248	91	4
5144	2022-09-20 02:58:12	5035	54	110	40	4
5145	2023-05-10 02:45:39	1493	84	170	67	4
5146	2023-01-26 00:00:27	1118	92	253	90	2
5147	2021-11-07 18:06:20	4959	70	236	88	5
5148	2023-04-07 17:33:13	528	33	116	43	2
5149	2022-07-30 03:51:02	1493	84	236	88	2
5150	2022-08-05 23:25:46	6460	64	130	50	2
5151	2016-04-09 17:16:27	6647	67	14	11	5
5152	2021-04-05 07:49:27	8268	16	67	29	1
5153	2019-08-31 15:56:51	8108	22	178	70	3
5154	2017-06-21 03:25:44	2310	20	52	19	2
5155	2023-05-24 09:05:25	9026	27	98	34	5
5156	2020-09-02 21:33:18	3862	29	61	24	3
5157	2019-02-21 00:52:01	3390	82	46	21	5
5158	2016-10-21 09:04:19	1118	92	242	87	2
5159	2022-08-30 10:07:16	5952	30	205	80	3
5160	2022-11-20 21:18:26	2947	12	205	80	1
5161	2020-10-18 18:37:59	2040	14	7	4	2
5162	2023-05-28 01:02:04	8020	95	32	14	1
5163	2016-10-18 09:34:18	7716	42	52	19	3
5164	2023-06-04 21:53:00	4328	43	154	55	1
5165	2022-08-23 13:06:43	7630	81	13	10	2
5166	2021-10-25 13:52:38	7542	85	61	24	5
5167	2023-04-11 18:22:14	7729	72	272	98	2
5168	2021-09-28 15:24:47	8312	13	248	91	5
5169	2023-06-02 23:49:32	6431	37	25	16	3
5170	2023-06-02 07:41:47	1266	63	32	14	3
5171	2021-12-14 01:43:15	2681	68	214	83	3
5172	2022-05-07 10:46:53	5704	49	6	2	3
5173	2021-11-07 02:49:19	4328	43	11	1	5
5174	2019-05-10 19:46:23	3390	82	46	21	4
5175	2022-09-10 17:52:13	1266	63	164	61	2
5176	2021-01-24 18:50:10	2532	47	19	7	2
5177	2023-05-30 05:17:52	1266	63	32	14	1
5178	2023-05-29 08:03:19	9026	27	32	14	4
5179	2021-12-31 02:00:45	5991	17	116	43	5
5180	2022-08-05 07:36:16	9699	78	173	65	2
5181	2023-04-15 04:13:10	1704	89	205	80	5
5182	2023-01-01 00:10:50	1266	63	164	61	3
5183	2022-09-22 22:45:46	237	80	164	61	5
5184	2020-07-13 12:59:23	8684	26	167	66	2
5185	2023-04-20 14:04:47	1118	92	154	55	4
5186	2022-09-03 12:55:28	13	24	214	83	2
5187	2017-09-23 03:23:17	9779	6	57	26	3
5188	2021-06-12 00:14:44	7403	65	209	76	3
5189	2021-07-03 15:17:39	2570	45	167	66	4
5190	2023-03-26 12:21:42	3862	29	160	60	3
5191	2016-10-11 01:42:31	6460	64	141	52	4
5192	2016-09-25 04:00:03	2034	10	188	71	1
5193	2022-07-20 08:47:57	5343	90	151	53	2
5194	2023-03-24 18:20:44	4375	55	115	47	1
5195	2021-11-29 17:07:41	5991	17	116	43	4
5196	2023-04-05 17:22:21	2681	68	170	67	5
5197	2023-06-05 09:27:23	1118	92	154	55	3
5198	2020-05-03 03:55:36	4959	70	5	5	1
5199	2020-09-27 13:52:35	1493	84	236	88	3
5200	2023-02-10 15:34:32	5952	30	205	80	3
5201	2020-09-12 16:47:55	6412	23	5	5	2
5202	2017-04-25 19:42:10	3207	57	191	74	2
5203	2023-05-12 06:04:55	1481	94	164	61	5
5204	2019-05-10 15:20:39	5384	35	209	76	2
5205	2022-07-11 07:42:21	1868	25	262	96	5
5206	2022-11-24 21:58:42	7136	48	148	57	1
5207	2021-05-08 13:53:11	2075	31	214	83	5
5208	2023-05-27 12:42:31	6847	40	164	61	4
5209	2016-03-02 02:33:15	2570	45	200	79	3
5210	2020-07-12 03:15:32	3323	7	115	46	4
5211	2020-11-16 22:54:23	8312	13	61	24	1
5212	2019-02-16 18:39:39	2466	2	162	59	5
5213	2017-09-20 05:12:35	1492	98	34	17	1
5214	2022-03-08 20:08:04	2022	41	236	88	4
5215	2020-12-20 21:07:25	6660	59	199	78	4
5216	2021-07-02 08:12:53	7542	85	248	91	5
5217	2022-04-21 23:05:59	5704	49	6	2	4
5218	2023-06-02 13:07:43	1481	94	32	14	3
5219	2023-05-30 13:47:10	8020	95	32	14	4
5220	2022-10-24 16:18:35	446	15	262	96	1
5221	2021-10-13 10:44:17	1493	84	214	83	1
5222	2023-03-14 12:10:20	2681	68	5	5	3
5223	2021-06-11 02:58:13	4959	70	148	57	4
5224	2022-10-05 14:57:48	5704	49	105	41	5
5225	2021-06-28 16:11:16	4959	70	148	57	5
5226	2020-08-21 22:56:28	4622	8	248	91	2
5227	2022-05-05 21:03:55	9734	52	7	4	1
5228	2021-10-15 01:55:25	1407	56	9	6	2
5229	2023-03-02 21:19:35	2481	100	6	2	4
5230	2022-04-12 11:10:52	7716	42	52	20	1
5231	2020-12-20 23:02:41	6130	79	19	7	4
5232	2019-07-19 19:17:49	4388	50	67	29	5
5233	2022-07-05 04:44:37	2176	11	7	4	1
5234	2023-05-24 14:16:14	1492	98	56	25	3
5235	2021-02-27 15:34:44	9699	78	173	65	3
5236	2022-02-24 05:27:27	5704	49	116	43	1
5237	2021-11-04 14:15:44	7295	53	214	83	5
5238	2022-10-08 01:04:10	2176	11	7	4	2
5239	2020-10-25 02:20:32	7630	81	79	32	1
5240	2023-04-07 18:00:12	5991	17	160	60	5
5241	2022-08-24 18:07:20	528	33	160	60	2
5242	2020-04-17 06:20:26	1493	84	236	88	5
5243	2023-05-18 21:57:23	7651	44	7	4	4
5244	2017-11-12 14:06:29	4388	50	188	71	5
5245	2018-09-01 20:44:31	4328	43	242	87	1
5246	2022-01-23 08:08:53	6612	69	97	37	2
5247	2020-09-25 12:08:12	4090	74	148	57	3
5248	2023-05-12 11:20:11	4090	74	170	67	5
5249	2022-10-09 18:39:17	9734	52	205	80	3
5250	2023-04-25 23:59:29	6847	40	98	34	3
5251	2019-06-01 19:51:58	9683	87	200	79	5
5252	2023-05-05 14:51:39	1704	89	205	80	3
5253	2019-11-19 16:11:56	8684	26	46	21	4
5254	2023-05-25 10:28:35	9234	38	32	14	1
5255	2022-02-04 17:53:35	6602	61	262	96	1
5256	2023-04-20 20:46:52	4328	43	154	55	3
5257	2023-04-12 06:29:47	1266	63	98	34	5
5258	2016-02-21 16:17:37	6647	67	223	86	3
5259	2022-09-14 03:24:47	3070	39	53	22	2
5260	2022-04-08 17:17:44	9683	87	178	70	3
5261	2022-09-11 18:45:28	6647	67	14	12	2
5262	2018-10-18 13:39:49	3953	4	236	88	1
5263	2021-12-22 07:31:43	9266	36	162	59	1
5264	2020-09-22 07:35:40	9611	19	79	32	2
5265	2022-02-15 17:59:46	1481	94	164	61	2
5266	2017-09-10 11:15:06	9699	78	30	13	5
5267	2021-06-29 01:19:28	6130	79	118	42	2
5268	2022-08-19 05:48:54	9734	52	205	80	5
5269	2020-07-18 14:26:57	5991	17	105	41	3
5270	2023-04-06 07:32:52	8289	86	10	3	2
5271	2023-04-21 09:28:40	1118	92	253	90	2
5272	2018-03-30 06:15:11	1492	98	34	17	2
5273	2019-11-29 16:02:04	6612	69	53	22	4
5274	2020-09-05 20:56:12	2022	41	5	5	1
5275	2021-02-28 22:51:32	6647	67	14	11	2
5276	2021-04-08 08:23:14	8108	22	79	32	4
5277	2020-09-18 01:14:22	9266	36	184	68	3
5278	2020-11-11 00:53:56	446	15	53	22	5
5279	2017-06-22 16:30:49	1739	51	235	89	2
5280	2022-11-03 00:21:05	8268	16	56	25	5
5281	2023-04-19 13:03:18	478	62	205	80	3
5282	2021-05-14 09:12:48	8108	22	156	63	3
5283	2023-04-27 11:08:20	2681	68	5	5	5
5284	2023-04-07 03:41:08	9699	78	272	98	3
5285	2023-01-21 13:23:01	1704	89	205	80	3
5286	2022-10-15 08:57:31	3323	7	214	83	3
5287	2023-05-07 13:04:35	1529	28	154	55	4
5288	2023-04-13 00:17:57	5035	54	110	40	4
5289	2019-12-19 17:28:58	4959	70	148	57	1
5290	2023-02-23 23:23:50	8865	99	115	47	2
5291	2021-12-27 15:26:46	1914	77	147	58	3
5292	2021-05-01 07:31:53	4090	74	214	83	3
5293	2023-03-08 13:47:12	7812	5	6	2	2
5294	2023-03-19 15:06:50	564	73	148	57	4
5295	2022-11-21 17:03:12	5035	54	264	93	4
5296	2018-05-23 02:27:07	1914	77	114	48	4
5297	2023-03-05 10:43:50	7542	85	6	2	4
5298	2023-04-14 02:14:32	478	62	205	80	2
5299	2021-12-07 12:10:35	2022	41	115	46	5
5300	2020-09-18 11:16:28	478	62	7	4	5
5301	2020-12-10 21:09:03	5952	30	7	4	1
5302	2018-05-04 02:15:37	8108	22	79	31	1
5303	2022-03-20 09:13:14	2034	10	199	78	3
5304	2018-06-04 17:06:34	9779	6	79	31	2
5305	2020-06-21 09:12:21	5952	30	7	4	2
5306	2020-07-19 04:37:24	6647	67	135	51	1
5307	2022-05-05 01:24:33	4622	8	248	91	4
5308	2020-03-25 13:32:54	1266	63	208	77	5
5309	2023-03-25 08:05:22	2681	68	148	57	5
5310	2023-04-11 05:19:22	8128	58	116	43	4
5311	2023-05-30 02:46:56	237	80	32	14	5
5312	2022-07-20 10:23:27	3207	57	191	75	3
5313	2021-03-25 20:09:05	446	15	9	6	3
5314	2023-04-18 05:54:30	9611	19	46	21	4
5315	2020-03-09 09:31:33	9683	87	178	70	5
5316	2017-10-20 23:08:11	1213	46	111	44	4
5317	2022-11-01 04:20:10	7542	85	116	43	5
5318	2022-05-24 05:58:48	6612	69	218	84	3
5319	2023-06-05 14:35:11	8289	86	32	14	5
5320	2023-05-23 09:53:57	4423	32	160	60	5
5321	2023-04-10 05:49:12	7136	48	170	67	3
5322	2023-05-29 01:15:50	1407	56	53	22	4
5323	2019-12-01 03:37:17	3299	75	36	18	1
5324	2022-07-26 16:32:48	3953	4	148	57	1
5325	2022-12-22 20:06:12	2075	31	115	47	1
5326	2023-05-18 02:13:42	5384	35	154	55	1
5327	2022-09-03 01:16:37	4959	70	214	83	5
5328	2023-02-21 01:29:24	1493	84	214	83	5
5329	2020-04-17 04:51:07	528	33	105	41	1
5330	2021-12-30 14:44:30	4375	55	203	81	3
5331	2022-04-04 11:33:24	8865	99	5	5	1
5332	2020-04-09 18:16:29	528	33	61	24	5
5333	2018-08-21 12:49:53	8684	26	79	31	2
5334	2020-01-17 09:35:15	6602	61	218	84	4
5335	2023-03-21 08:16:45	369	93	10	3	2
5336	2015-11-26 05:09:22	9003	34	188	71	3
5337	2021-11-25 01:24:39	2310	20	184	68	5
5338	2021-07-22 15:38:51	9734	52	7	4	5
5339	2020-04-05 00:26:50	2867	66	235	89	5
5340	2021-04-26 03:13:32	7136	48	214	83	2
5341	2021-05-02 04:50:09	7716	42	129	49	1
5342	2021-07-27 02:43:32	3070	39	262	96	4
5343	2023-04-27 06:33:02	8289	86	98	34	1
5344	2021-04-03 13:50:10	8108	22	156	63	2
5345	2023-01-13 02:03:44	4419	91	14	12	2
5346	2020-01-28 10:53:26	5991	17	105	41	1
5347	2023-01-11 17:19:46	9734	52	205	80	3
5348	2018-07-05 03:19:54	1529	28	88	30	1
5349	2023-05-19 23:37:16	369	93	98	34	3
5350	2023-03-30 00:33:10	7651	44	205	80	1
5351	2023-03-28 14:15:42	2416	83	205	80	2
5352	2019-08-21 07:47:25	8128	58	248	91	2
5353	2019-12-21 08:32:38	5343	90	30	13	1
5354	2021-04-10 03:04:18	619	76	7	4	5
5355	2023-01-25 12:49:43	7716	42	272	98	5
5356	2023-05-27 21:49:50	2644	1	266	99	5
5357	2021-08-26 00:09:26	6412	23	214	83	4
5358	2022-08-28 13:49:52	9234	38	164	61	3
5359	2015-10-19 14:16:30	2310	20	30	13	3
5360	2022-03-31 08:57:42	2466	2	118	42	2
5361	2023-03-21 09:06:22	7542	85	160	60	5
5362	2023-05-07 12:52:14	8020	95	164	61	3
5363	2023-03-25 13:51:49	9734	52	205	80	1
5364	2020-03-10 00:06:39	5947	9	11	1	3
5365	2019-03-10 18:15:36	369	93	208	77	3
5366	2021-03-15 09:22:24	9611	19	167	66	2
5367	2021-05-22 01:33:02	1213	46	34	17	1
5368	2022-11-07 02:17:19	8108	22	13	10	4
5369	2022-08-09 11:05:39	3390	82	79	32	2
5370	2020-06-08 17:15:07	7729	72	173	65	3
5371	2019-02-18 14:18:02	3636	71	61	24	1
5372	2023-02-15 11:08:45	8865	99	115	47	1
5373	2019-08-26 16:35:52	6130	79	173	65	5
5374	2020-03-21 18:30:20	6612	69	9	6	2
5375	2022-08-20 09:42:12	2481	100	6	2	1
5376	2020-01-21 09:14:06	8770	18	7	4	5
5377	2021-02-03 15:13:20	2176	11	7	4	1
5378	2021-02-06 19:50:43	1492	98	254	94	3
5379	2023-05-15 06:00:33	3236	3	170	67	2
5380	2022-08-18 17:14:23	5952	30	205	80	2
5381	2023-03-14 12:21:51	7295	53	115	47	5
5382	2020-11-19 06:58:24	3862	29	61	24	2
5383	2023-03-11 09:38:01	4375	55	5	5	2
5384	2019-04-30 07:30:59	528	33	248	91	1
5385	2022-12-17 11:09:13	9266	36	19	7	5
5386	2022-12-22 20:15:09	8770	18	205	80	5
5387	2023-02-21 09:36:53	5952	30	205	80	1
5388	2023-04-11 04:59:28	8770	18	205	80	4
5389	2023-04-13 17:51:22	2310	20	272	98	3
5390	2023-04-15 23:06:51	2022	41	170	67	1
5391	2023-02-12 06:48:04	2022	41	115	47	1
5392	2021-10-16 17:54:37	3236	3	5	5	5
5393	2022-11-13 05:20:22	478	62	205	80	5
5394	2021-11-13 05:02:42	4419	91	14	11	4
5395	2023-01-08 22:20:26	5704	49	6	2	2
5396	2020-10-22 00:20:18	6612	69	9	6	1
5397	2021-11-27 10:54:32	3207	57	191	75	1
5398	2022-04-07 21:28:10	9026	27	10	3	2
5399	2023-02-01 20:40:15	2644	1	13	10	2
5400	2021-04-29 19:06:38	7403	65	264	93	3
5401	2022-06-02 00:06:08	1739	51	235	89	3
5402	2023-05-23 12:27:55	1914	77	213	85	2
5403	2018-08-26 00:44:10	3390	82	79	31	1
5404	2023-04-29 00:24:26	2681	68	214	83	5
5405	2019-04-13 13:48:47	1492	98	23	15	4
5406	2022-09-28 20:15:02	2040	14	205	80	1
5407	2023-05-01 04:00:50	3636	71	160	60	2
5408	2020-07-14 23:32:49	3390	82	46	21	3
5409	2023-06-04 10:51:50	369	93	32	14	3
5410	2019-11-07 10:27:11	6602	61	9	6	5
5411	2023-04-10 05:07:20	3299	75	14	12	4
5412	2022-08-11 19:15:59	3862	29	160	60	3
5413	2021-07-27 01:05:51	3390	82	79	32	1
5414	2020-06-27 07:59:37	6647	67	190	73	1
5415	2023-06-02 01:44:13	6647	67	25	16	3
5416	2022-06-10 13:47:24	2466	2	173	65	4
5417	2023-05-22 07:27:28	3953	4	115	47	3
5418	2021-12-04 01:37:15	9734	52	7	4	2
5419	2020-07-10 18:52:04	1407	56	141	52	3
5420	2020-12-20 05:31:17	2075	31	148	57	1
5421	2022-11-04 00:37:21	2310	20	19	7	1
5422	2022-10-22 22:05:03	13	24	214	83	4
5423	2022-03-23 05:16:09	5384	35	66	23	4
5424	2017-12-06 14:44:02	6660	59	188	71	1
5425	2022-04-01 05:35:11	7812	5	6	2	5
5426	2023-05-12 14:15:59	7136	48	115	47	2
5427	2023-02-11 06:30:55	5035	54	209	76	2
5428	2023-04-12 10:39:46	9734	52	205	80	3
5429	2021-12-26 13:28:31	8684	26	79	32	3
5430	2021-02-28 19:08:42	9699	78	173	65	3
5431	2023-03-11 13:45:43	6460	64	130	50	5
5432	2017-08-07 09:39:15	9699	78	52	19	4
5433	2023-02-08 11:56:08	6130	79	272	98	2
5434	2021-06-11 18:06:20	9779	6	167	66	5
5435	2018-09-08 21:42:25	1739	51	235	89	5
5436	2018-11-26 00:35:39	5035	54	154	54	3
5437	2021-05-30 10:55:30	4419	91	36	18	1
5438	2019-09-18 02:13:15	1407	56	9	6	5
5439	2022-11-13 14:48:52	9234	38	208	77	2
5440	2023-05-20 00:37:07	2416	83	205	80	4
5441	2020-10-28 00:23:42	6412	23	203	81	3
5442	2022-01-17 14:38:20	2644	1	13	9	3
5443	2023-03-14 07:27:36	675	21	209	76	3
5444	2023-02-26 03:23:57	4375	55	115	47	1
5445	2022-06-20 11:56:28	5384	35	154	54	3
5446	2020-02-11 19:39:50	2022	41	236	88	4
5447	2020-05-01 17:28:35	1529	28	209	76	2
5448	2022-08-22 04:44:59	9779	6	266	99	1
5449	2023-05-29 06:26:12	1266	63	98	34	4
5450	2022-08-07 12:38:43	4622	8	6	2	2
5451	2023-04-19 19:12:46	8289	86	98	34	2
5452	2023-04-04 09:44:30	7542	85	160	60	2
5453	2020-01-05 22:38:52	9683	87	57	26	4
5454	2023-04-11 23:27:38	2570	45	266	99	3
5455	2019-06-23 19:50:02	5384	35	209	76	2
5456	2023-05-14 13:19:42	1266	63	98	34	4
5457	2018-01-30 13:55:30	2022	41	115	46	1
5458	2021-10-17 01:25:40	6660	59	23	15	3
5459	2021-08-15 07:16:36	2416	83	7	4	3
5460	2023-04-09 18:47:22	2681	68	170	67	4
5461	2015-06-14 18:46:27	9266	36	30	13	4
5462	2022-03-26 13:42:40	1481	94	10	3	3
5463	2023-04-26 17:12:56	4959	70	170	67	4
5464	2022-08-28 18:01:29	6847	40	164	61	3
5465	2023-05-16 06:35:23	1914	77	213	85	5
5466	2022-11-03 12:33:11	1492	98	23	15	4
5467	2020-02-15 09:35:14	2481	100	61	24	1
5468	2021-05-21 16:08:36	4090	74	5	5	3
5469	2023-01-17 14:49:20	1868	25	262	96	3
5470	2022-11-16 08:13:44	7630	81	79	32	1
5471	2022-06-28 11:46:04	4959	70	148	57	1
5472	2020-11-29 10:51:38	3953	4	115	46	4
5473	2023-03-17 12:59:06	7403	65	253	90	5
5474	2020-08-31 06:30:14	9611	19	178	70	2
5475	2019-06-26 23:35:55	7716	42	173	65	5
5476	2021-12-16 03:17:18	3236	3	203	81	3
5477	2023-01-04 22:23:12	5384	35	66	23	2
5478	2021-12-07 06:17:19	7716	42	118	42	1
5479	2023-05-31 18:03:21	369	93	32	14	5
5480	2018-06-12 16:36:49	4328	43	154	54	4
5481	2023-05-07 17:37:00	1118	92	154	55	4
5482	2022-05-23 15:30:06	8128	58	6	2	2
5483	2017-09-29 19:03:42	5035	54	154	54	2
5484	2017-11-16 23:59:24	2570	45	57	26	1
5485	2022-11-05 12:31:17	2481	100	160	60	5
5486	2018-12-21 15:15:15	1739	51	235	89	2
5487	2022-10-16 00:41:59	7542	85	160	60	4
5488	2022-12-17 14:45:12	1704	89	205	80	2
5489	2023-04-23 11:14:35	5947	9	110	40	5
5490	2023-05-24 08:00:28	2867	66	59	28	2
5491	2019-03-05 10:39:57	1739	51	191	74	5
5492	2022-03-10 20:36:32	2570	45	57	26	2
5493	2022-10-19 10:54:20	6024	96	205	80	1
5494	2022-04-26 01:02:08	1529	28	110	39	1
5495	2020-11-28 22:46:18	4328	43	99	33	5
5496	2015-05-06 10:41:02	9779	6	200	79	3
5497	2021-05-03 07:53:22	2034	10	155	62	3
5498	2020-10-19 11:27:55	6130	79	30	13	5
5499	2016-02-14 11:10:31	1868	25	53	22	4
5500	2020-05-06 21:31:28	1213	46	188	72	2
5501	2023-06-01 19:41:38	8289	86	32	14	1
5502	2022-11-25 18:58:38	2947	12	7	4	3
5503	2022-07-02 18:11:23	5991	17	61	24	1
5504	2021-12-15 09:54:55	2022	41	214	83	2
5505	2018-01-17 17:08:56	4419	91	14	11	5
5506	2022-11-21 22:54:23	1493	84	5	5	4
5507	2016-10-26 12:53:27	8268	16	111	44	3
5508	2023-02-23 01:02:19	1914	77	59	28	5
5509	2020-03-18 23:34:52	1492	98	188	72	3
5510	2019-10-19 23:34:34	3207	57	114	48	2
5511	2023-04-24 04:13:02	237	80	98	34	1
5512	2022-11-09 14:25:26	3862	29	116	43	4
5513	2022-05-04 19:07:35	8312	13	6	2	5
5514	2022-12-11 04:34:47	5384	35	253	90	1
5515	2020-06-03 00:31:46	5952	30	7	4	3
5516	2022-01-24 21:56:58	4375	55	148	57	4
5517	2022-08-28 12:36:34	4622	8	6	2	1
5518	2021-03-21 10:29:58	1492	98	67	29	1
5519	2022-12-17 19:32:48	9003	34	56	25	2
5520	2021-01-18 08:53:06	5704	49	61	24	3
5521	2022-11-25 01:58:22	3862	29	160	60	4
5522	2022-08-29 00:29:57	2034	10	67	29	5
5523	2021-09-06 14:46:41	3953	4	115	46	3
5524	2021-12-10 11:00:11	9699	78	184	68	2
5525	2020-12-05 00:21:28	6847	40	10	3	3
5526	2022-12-31 06:20:43	7630	81	46	21	4
5527	2022-09-13 05:44:26	7651	44	205	80	3
5528	2022-12-16 01:01:41	1529	28	11	1	2
5529	2022-10-15 08:37:02	9003	34	56	25	4
5530	2022-05-05 20:23:12	5035	54	110	39	1
5531	2022-11-19 09:20:47	3236	3	115	46	2
5532	2023-05-06 18:52:41	8770	18	7	4	1
5533	2022-11-19 05:00:17	3862	29	116	43	1
5534	2016-02-03 17:23:41	446	15	53	22	1
5535	2022-04-19 14:33:02	1868	25	218	84	4
5536	2022-05-19 14:38:17	2644	1	200	79	1
5537	2023-05-06 19:29:57	5384	35	154	55	2
5538	2022-05-01 21:45:09	5343	90	184	68	5
5539	2019-07-05 04:22:47	2644	1	178	69	3
5540	2022-03-22 12:20:29	1704	89	7	4	2
5541	2023-03-23 16:26:43	1739	51	59	28	5
5542	2022-07-26 00:53:17	3390	82	156	64	3
5543	2021-03-12 08:26:46	6412	23	148	57	1
5544	2022-10-20 08:20:20	2416	83	205	80	3
5545	2020-04-30 19:12:27	4959	70	115	46	1
5546	2023-06-04 02:08:08	237	80	32	14	1
5547	2020-12-04 15:53:34	6431	37	223	86	3
5548	2023-05-11 02:53:22	3299	75	25	16	3
5549	2021-03-07 20:51:13	5100	88	99	33	3
5550	2021-07-18 09:48:59	675	21	209	76	3
5551	2021-02-19 22:25:22	5704	49	248	91	2
5552	2020-11-16 20:42:27	1407	56	97	37	4
5553	2023-05-16 20:06:32	401	97	213	85	3
5554	2021-07-23 02:09:23	1385	60	156	63	5
5555	2023-05-01 13:24:00	6647	67	14	12	2
5556	2019-07-13 10:11:24	7403	65	99	33	2
5557	2019-04-16 05:52:24	8312	13	248	91	3
5558	2020-01-02 00:35:48	3207	57	114	48	1
5559	2021-08-13 11:24:04	5952	30	7	4	2
5560	2018-12-28 10:31:50	5343	90	272	97	1
5561	2015-10-29 19:32:37	2034	10	188	71	3
5562	2023-05-26 11:57:36	1266	63	32	14	3
5563	2023-03-22 03:10:01	2416	83	7	4	1
5564	2023-03-04 14:05:08	5035	54	110	40	2
5565	2019-03-19 09:07:51	1492	98	67	29	4
5566	2022-09-12 05:55:33	564	73	214	83	2
5567	2023-02-13 10:09:33	8770	18	205	80	5
5568	2018-01-17 19:42:46	3390	82	79	31	4
5569	2020-02-29 00:32:38	2416	83	7	4	1
5570	2021-02-22 03:27:35	8684	26	156	63	2
5571	2022-11-24 03:17:31	478	62	205	80	2
5572	2023-03-08 04:48:29	3236	3	203	81	1
5573	2022-12-25 14:46:38	478	62	205	80	1
5574	2023-05-14 22:49:30	2416	83	205	80	5
5575	2023-04-28 13:57:56	237	80	98	34	4
5576	2022-12-26 21:18:17	2416	83	205	80	4
5577	2020-01-05 12:19:40	1868	25	9	6	2
5578	2021-09-26 15:54:23	1213	46	67	29	1
5579	2023-01-09 09:14:56	5952	30	205	80	4
5580	2020-01-30 14:47:36	5343	90	184	68	1
5581	2023-06-04 05:43:28	9026	27	32	14	1
5582	2023-03-27 01:15:06	4423	32	6	2	4
5583	2022-06-14 08:53:28	8312	13	6	2	4
5584	2021-09-10 22:01:14	7136	48	148	57	1
5585	2021-10-30 23:24:31	4423	32	116	43	2
5586	2023-01-02 11:07:20	1492	98	56	25	2
5587	2022-04-24 06:16:37	3953	4	115	46	4
5588	2022-10-08 18:47:07	619	76	205	80	3
5589	2017-10-03 03:29:25	6660	59	188	71	4
5590	2022-02-08 06:33:19	619	76	7	4	2
5591	2022-02-18 22:09:08	6612	69	130	50	4
5592	2021-11-09 14:21:20	2075	31	236	88	5
5593	2016-06-22 22:11:16	7729	72	30	13	3
5594	2022-11-08 17:54:05	3070	39	218	84	3
5595	2018-10-25 21:21:41	2034	10	67	29	3
5596	2017-11-15 16:00:29	6602	61	141	52	2
5597	2022-09-14 18:01:36	478	62	205	80	1
5598	2023-02-01 11:19:35	8312	13	116	43	1
5599	2021-04-12 02:11:17	9699	78	151	53	3
5600	2023-01-26 07:46:31	6647	67	113	45	4
5601	2023-04-02 02:59:17	4090	74	170	67	2
5602	2022-06-13 21:46:08	5991	17	248	91	4
5603	2022-05-19 17:52:16	1704	89	7	4	1
5604	2021-07-27 21:50:04	4622	8	105	41	4
5605	2020-03-26 13:05:18	7295	53	148	57	3
5606	2021-08-22 03:43:45	6130	79	162	59	5
5607	2022-07-15 10:01:00	4423	32	6	2	1
5608	2023-03-28 19:17:39	9779	6	13	10	3
5609	2021-10-25 07:22:16	3953	4	148	57	5
5610	2019-07-05 19:54:11	3323	7	148	57	4
5611	2022-11-21 06:46:15	6602	61	97	37	1
5612	2021-06-08 22:05:14	6612	69	53	22	3
5613	2023-03-21 04:19:04	3862	29	116	43	3
5614	2023-01-16 15:27:05	2176	11	7	4	4
5615	2020-04-15 03:58:49	4090	74	5	5	1
5616	2016-07-30 10:46:55	5947	9	242	87	3
5617	2023-06-05 21:37:42	7812	5	6	2	4
5618	2023-04-21 00:20:34	6412	23	170	67	3
5619	2023-06-03 22:17:05	9779	6	156	64	1
5620	2016-09-11 15:13:31	528	33	248	91	4
5621	2021-09-21 12:53:51	9683	87	156	63	5
5622	2017-07-27 22:27:41	4959	70	115	46	5
5623	2019-06-27 16:25:36	8684	26	178	69	5
5624	2022-08-19 01:02:57	9734	52	205	80	1
5625	2022-05-14 03:33:50	7403	65	110	39	4
5626	2023-04-06 21:33:10	619	76	205	80	2
5627	2023-06-02 06:09:18	6612	69	262	96	5
5628	2022-10-27 08:24:01	4622	8	116	43	5
5629	2021-05-10 19:15:26	3207	57	114	48	1
5630	2022-04-05 07:36:23	4959	70	115	46	3
5631	2017-12-23 16:28:56	8108	22	13	9	2
5632	2023-03-14 02:29:51	2867	66	147	58	3
5633	2023-01-14 23:24:03	3299	75	256	95	1
5634	2017-07-12 08:11:37	8268	16	188	71	1
5635	2023-04-13 14:01:51	6847	40	98	34	5
5636	2022-07-09 16:54:36	8312	13	6	2	2
5637	2018-07-05 16:48:14	2310	20	261	92	2
5638	2022-09-30 18:36:52	9699	78	173	65	5
5639	2023-04-18 14:00:41	2416	83	205	80	1
5640	2017-04-15 00:22:44	446	15	141	52	3
5641	2021-06-04 06:46:50	9611	19	156	63	3
5642	2022-04-27 06:49:53	6130	79	272	97	3
5643	2020-08-25 02:04:21	5704	49	61	24	3
5644	2022-08-01 18:33:01	3862	29	105	41	4
5645	2021-01-13 17:41:21	1493	84	236	88	2
5646	2021-09-27 10:51:43	4375	55	203	81	3
5647	2022-05-13 15:50:43	4328	43	110	39	2
5648	2022-07-03 21:24:43	8312	13	6	2	1
5649	2022-10-06 09:14:52	1407	56	262	96	1
5650	2023-04-27 12:01:34	7651	44	205	80	2
5651	2021-01-20 02:36:52	3862	29	61	24	5
5652	2023-04-17 04:21:35	2022	41	115	47	5
5653	2018-05-03 17:38:49	9266	36	52	20	5
5654	2022-05-14 13:10:39	2176	11	7	4	5
5655	2020-01-13 12:14:57	7651	44	7	4	4
5656	2022-05-31 00:01:33	5704	49	105	41	4
5657	2020-10-10 14:15:50	2416	83	7	4	3
5658	2015-11-11 06:02:45	2034	10	188	71	2
5659	2022-04-30 01:18:17	8865	99	5	5	2
5660	2023-05-26 18:33:20	1914	77	213	85	3
5661	2021-03-15 22:12:45	8289	86	10	3	3
5662	2021-10-08 22:42:53	9003	34	188	72	1
5663	2020-09-04 17:18:53	2040	14	7	4	5
5664	2020-06-02 18:51:49	4622	8	61	24	4
5665	2017-08-22 04:47:42	3207	57	114	48	4
5666	2023-04-21 09:08:06	8770	18	7	4	5
5667	2022-06-20 13:56:52	4622	8	61	24	1
5668	2023-06-05 04:33:19	237	80	32	14	1
5669	2019-01-19 20:57:52	8128	58	61	24	5
5670	2021-10-21 02:32:58	7136	48	5	5	2
5671	2022-08-22 02:27:14	4959	70	214	83	4
5672	2021-12-02 01:43:20	8770	18	7	4	5
5673	2022-07-01 02:12:09	5991	17	116	43	4
5674	2018-05-08 09:45:19	1868	25	218	84	1
5675	2019-06-29 08:13:59	8108	22	178	69	2
5676	2020-03-21 09:12:56	7729	72	261	92	1
5677	2022-11-28 17:39:30	9026	27	164	61	3
5678	2023-02-25 07:32:00	6647	67	14	12	3
5679	2023-05-13 01:33:32	6431	37	25	16	4
5680	2023-04-17 15:39:27	7651	44	205	80	1
5681	2022-11-27 13:09:29	4423	32	160	60	1
5682	2021-10-08 02:09:37	1739	51	147	58	2
5683	2019-08-12 12:09:25	3636	71	248	91	4
5684	2022-11-23 09:14:05	528	33	6	2	3
5685	2021-09-26 05:44:44	4375	55	236	88	3
5686	2023-04-26 23:41:52	2034	10	254	94	2
5687	2022-12-29 06:04:12	3390	82	266	99	5
5688	2019-11-22 02:50:58	3636	71	105	41	4
5689	2021-05-24 04:09:32	9683	87	79	32	3
5690	2023-04-05 02:30:15	3953	4	170	67	3
5691	2023-04-27 14:52:47	1481	94	98	34	4
5692	2022-12-16 17:37:12	4959	70	115	47	2
5693	2021-05-21 23:02:45	2681	68	214	83	3
5694	2022-07-14 08:40:12	8312	13	116	43	5
5695	2015-11-19 01:01:44	3070	39	53	22	1
5696	2015-11-01 16:34:37	9699	78	52	19	5
5697	2022-12-17 14:58:40	3636	71	248	91	2
5698	2021-06-18 11:57:09	5343	90	173	65	2
5699	2023-01-01 05:06:28	2416	83	205	80	1
5700	2023-02-28 08:14:31	7136	48	5	5	4
5701	2023-05-15 14:21:46	6431	37	256	95	5
5702	2023-03-27 00:29:33	4423	32	6	2	3
5703	2022-08-30 19:24:25	4423	32	116	43	2
5704	2022-12-06 10:07:35	2176	11	205	80	1
5705	2023-01-31 17:57:58	9266	36	173	65	3
5706	2016-06-09 08:09:06	9611	19	200	79	4
5707	2021-11-18 10:35:23	9611	19	90	36	4
5708	2021-07-01 09:02:51	2570	45	156	63	2
5709	2022-12-26 10:59:22	5704	49	160	60	1
5710	2020-05-26 03:00:09	478	62	7	4	1
5711	2023-06-05 21:05:19	6847	40	32	14	1
5712	2022-01-09 08:35:40	7295	53	115	46	4
5713	2019-12-21 11:26:50	9234	38	208	77	2
5714	2021-06-25 19:38:12	8268	16	89	35	2
5715	2021-06-01 23:35:38	2532	47	173	65	2
5716	2019-11-08 04:00:54	6612	69	218	84	2
5717	2023-02-03 04:25:56	1385	60	266	99	3
5718	2020-06-03 17:03:55	3236	3	115	46	5
5719	2022-10-01 11:44:39	619	76	7	4	5
5720	2023-05-07 04:19:28	5384	35	154	55	4
5721	2022-07-21 05:21:43	1407	56	262	96	1
5722	2022-08-29 16:16:22	9779	6	178	70	2
5723	2022-06-09 06:05:57	1213	46	89	35	1
5724	2019-11-07 06:36:18	5991	17	248	91	2
5725	2015-09-28 07:34:42	3070	39	141	52	3
5726	2021-05-08 22:32:47	4375	55	5	5	5
5727	2023-01-13 20:59:17	7651	44	205	80	4
5728	2022-04-02 16:35:15	6431	37	223	86	2
5729	2022-11-15 08:41:13	9003	34	56	25	4
5730	2016-03-19 20:49:56	1213	46	188	71	2
5731	2022-04-01 05:37:07	8268	16	254	94	2
5732	2023-05-28 09:10:11	237	80	32	14	5
5733	2021-09-27 22:41:04	3207	57	191	75	1
5734	2023-03-08 17:11:31	7812	5	160	60	3
5735	2017-10-26 06:08:11	6647	67	36	18	2
5736	2022-06-13 19:23:53	9611	19	156	64	2
5737	2022-11-07 01:49:45	5035	54	253	90	4
5738	2019-06-18 23:40:39	9779	6	46	21	1
5739	2021-01-08 17:59:44	1739	51	191	75	1
5740	2022-08-02 03:49:01	6660	59	89	35	5
5741	2023-02-02 14:33:06	675	21	110	40	4
5742	2022-11-30 06:32:29	2176	11	205	80	2
5743	2023-05-18 05:46:40	9734	52	205	80	2
5744	2022-03-06 19:58:56	8684	26	90	36	5
5745	2020-08-20 01:25:08	5343	90	162	59	3
5746	2023-03-19 16:24:57	2570	45	90	36	3
5747	2022-11-21 16:32:23	6431	37	256	95	3
5748	2022-11-28 03:51:42	5704	49	116	43	5
5749	2022-12-25 23:56:15	564	73	214	83	1
5750	2016-05-20 14:40:48	2466	2	272	97	1
5751	2022-05-16 21:08:33	5100	88	110	39	4
5752	2021-09-15 20:56:26	7403	65	242	87	2
5753	2022-12-12 06:20:41	2176	11	205	80	3
5754	2019-09-06 04:33:45	6602	61	141	52	3
5755	2022-09-10 04:10:09	6024	96	7	4	5
5756	2020-01-05 10:59:03	3390	82	46	21	3
5757	2023-04-26 05:42:55	619	76	205	80	5
5758	2023-06-01 23:34:20	8289	86	32	14	5
5759	2020-10-29 22:33:15	369	93	10	3	5
5760	2018-01-11 04:06:40	1492	98	34	17	1
5761	2016-07-31 07:13:07	9683	87	13	9	1
5762	2021-08-31 13:38:34	4090	74	214	83	3
5763	2023-01-24 08:04:03	478	62	205	80	5
5764	2017-01-27 22:54:51	6130	79	30	13	1
5765	2015-09-29 20:46:12	9266	36	261	92	4
5766	2021-01-25 22:16:30	7812	5	61	24	1
5767	2017-09-08 19:54:05	7295	53	236	88	3
5768	2018-06-23 12:04:44	564	73	115	46	2
5769	2018-01-24 05:28:57	5100	88	110	38	3
5770	2021-02-18 09:39:19	2532	47	52	20	5
5771	2022-01-25 08:57:07	9266	36	19	7	4
5772	2023-06-01 03:50:16	1481	94	32	14	4
5773	2017-07-29 20:37:36	1213	46	188	71	3
5774	2017-02-10 14:03:07	3207	57	191	74	2
5775	2020-05-06 10:24:48	5100	88	11	1	3
5776	2019-07-28 18:32:46	3953	4	115	46	3
5777	2021-06-10 08:51:28	8128	58	105	41	3
5778	2022-04-21 15:59:57	8312	13	116	43	4
5779	2023-01-21 06:57:41	3862	29	160	60	5
5780	2019-05-30 08:31:46	1266	63	10	3	3
5781	2023-01-12 13:09:42	5100	88	110	40	4
5782	2017-11-04 13:12:38	4419	91	14	11	5
5783	2021-09-15 04:03:22	9611	19	156	63	5
5784	2018-02-16 14:33:05	9683	87	79	31	2
5785	2022-09-06 21:34:21	7403	65	110	40	5
5786	2021-02-22 13:52:57	1492	98	188	72	5
5787	2023-05-31 05:38:02	4419	91	25	16	3
5788	2019-08-26 02:27:47	2310	20	151	53	4
5789	2023-05-06 00:34:30	1704	89	7	4	3
5790	2020-02-02 17:59:18	1213	46	155	62	2
5791	2021-12-25 01:08:18	446	15	97	37	2
5792	2020-11-14 20:57:00	3070	39	9	6	1
5793	2022-08-25 07:21:49	3390	82	156	64	5
5794	2019-09-08 21:51:21	5035	54	110	38	2
5795	2019-09-10 16:20:48	6412	23	148	57	3
5796	2023-01-05 17:24:32	9611	19	266	99	4
5797	2021-09-28 05:47:34	8108	22	156	63	3
5798	2021-08-23 07:49:43	3390	82	13	9	2
5799	2023-03-10 02:36:35	7542	85	160	60	1
5800	2022-11-16 16:12:24	7542	85	6	2	5
5801	2022-04-05 14:28:07	9734	52	7	4	2
5802	2018-11-15 13:42:16	2075	31	203	81	3
5803	2022-01-04 14:03:53	1492	98	254	94	3
5804	2023-02-17 10:54:14	3323	7	214	83	2
5805	2022-06-15 17:05:00	6647	67	212	82	2
5806	2022-09-14 11:07:27	8268	16	155	62	4
5807	2021-05-27 05:03:47	2075	31	214	83	2
5808	2023-05-24 12:11:55	401	97	213	85	1
5809	2023-06-04 10:19:24	6847	40	32	14	1
5810	2022-04-14 02:30:06	528	33	61	24	2
5811	2022-11-28 01:41:42	7295	53	115	46	4
5812	2022-02-01 13:52:59	369	93	10	3	5
5813	2015-12-25 21:31:13	6431	37	223	86	3
5814	2023-04-29 03:39:30	1266	63	98	34	3
5815	2022-08-01 02:34:19	6847	40	164	61	4
5816	2022-10-24 18:39:26	401	97	147	58	2
5817	2023-02-11 14:22:27	4375	55	236	88	5
5818	2020-02-08 18:49:53	9699	78	162	59	5
5819	2021-12-01 04:23:17	1492	98	89	35	2
5820	2023-04-29 22:02:09	5947	9	154	55	1
5821	2018-04-27 13:27:04	4419	91	14	11	5
5822	2022-07-04 11:21:23	4622	8	248	91	2
5823	2017-01-24 06:18:50	2466	2	52	19	4
5824	2016-09-08 14:16:30	2022	41	236	88	4
5825	2019-06-22 13:59:34	1529	28	99	33	1
5826	2020-07-31 00:01:58	1739	51	59	27	2
5827	2020-05-04 10:28:37	8268	16	188	72	2
5828	2017-04-03 15:16:42	3862	29	248	91	3
5829	2021-08-21 01:30:44	8289	86	10	3	4
5830	2019-11-29 07:30:08	1385	60	79	32	1
5831	2022-01-22 10:33:20	8312	13	61	24	4
5832	2023-01-17 00:34:01	6431	37	113	45	1
5833	2023-02-12 02:16:46	1868	25	97	37	1
5834	2020-02-14 00:11:32	1385	60	167	66	4
5835	2022-10-16 09:04:24	8128	58	6	2	2
5836	2023-01-22 04:30:17	5100	88	253	90	5
5837	2021-08-21 11:31:28	2532	47	173	65	2
5838	2022-10-29 23:00:02	369	93	208	77	1
5839	2021-08-30 18:54:21	3390	82	156	63	1
5840	2023-06-04 12:12:41	9026	27	32	14	2
5841	2023-03-05 22:33:29	1492	98	34	17	5
5842	2022-12-26 03:47:04	5384	35	253	90	1
5843	2019-02-01 03:27:02	5384	35	209	76	3
5844	2018-11-07 03:18:50	6647	67	14	11	5
5845	2019-07-26 08:46:26	9683	87	178	69	1
5846	2019-07-02 14:43:17	2644	1	178	69	5
5847	2023-05-06 08:57:56	619	76	7	4	3
5848	2018-10-03 05:50:54	2532	47	151	53	4
5849	2021-09-28 19:43:22	6602	61	141	52	4
5850	2023-05-22 06:15:23	9026	27	98	34	5
5851	2020-08-10 20:58:04	2481	100	248	91	1
5852	2023-04-13 23:46:17	564	73	214	83	3
5853	2018-08-09 08:14:33	9266	36	272	97	3
5854	2022-05-12 02:27:41	3207	57	59	27	3
5855	2015-11-09 23:14:38	9266	36	30	13	5
5856	2018-02-07 10:48:48	3299	75	14	11	5
5857	2021-09-21 03:35:36	7729	72	52	20	3
5858	2021-11-29 06:39:05	1407	56	97	37	3
5859	2019-12-03 07:35:43	5991	17	105	41	3
5860	2022-10-28 16:02:35	2040	14	205	80	2
5861	2020-03-19 04:57:30	8128	58	61	24	1
5862	2022-03-13 20:18:10	9699	78	162	59	2
5863	2019-08-07 07:01:40	4423	32	105	41	5
5864	2021-12-19 18:53:32	2310	20	151	53	5
5865	2022-05-26 00:43:41	3636	71	6	2	3
5866	2022-11-21 06:39:18	619	76	205	80	1
5867	2022-10-14 08:25:06	9734	52	7	4	4
5868	2022-03-25 19:36:37	401	97	147	58	4
5869	2022-05-02 08:01:25	2310	20	118	42	5
5870	2022-08-28 01:00:44	1914	77	235	89	3
5871	2022-07-22 10:19:30	6412	23	115	46	1
5872	2023-03-27 00:00:22	6130	79	272	98	3
5873	2018-12-05 08:38:58	5384	35	22	8	1
5874	2021-05-31 00:42:48	8020	95	10	3	3
5875	2016-08-18 09:34:37	9003	34	111	44	3
5876	2021-11-10 04:12:21	2310	20	162	59	2
5877	2021-04-01 19:37:46	7729	72	184	68	1
5878	2021-07-14 03:02:05	8020	95	10	3	2
5879	2018-08-06 10:47:41	4375	55	115	46	2
5880	2019-09-04 16:33:00	8128	58	105	41	5
5881	2019-07-21 04:42:00	3390	82	178	69	5
5882	2022-11-18 04:16:46	8770	18	205	80	4
5883	2017-12-03 17:50:09	4423	32	248	91	4
5884	2017-01-04 11:00:42	1492	98	34	17	1
5885	2021-08-18 01:27:35	4388	50	34	17	5
5886	2021-07-28 04:32:05	3953	4	5	5	2
5887	2018-10-18 06:48:08	6660	59	67	29	1
5888	2021-11-07 01:07:22	237	80	208	77	1
5889	2023-01-19 04:53:47	9683	87	266	99	3
5890	2022-10-24 02:45:30	8289	86	10	3	2
5891	2019-12-08 05:03:41	5343	90	184	68	1
5892	2021-02-16 22:42:38	2022	41	5	5	1
5893	2022-12-11 07:37:46	5991	17	6	2	4
5894	2022-11-30 10:46:15	4328	43	253	90	4
5895	2023-05-25 11:06:41	7716	42	272	98	3
5896	2018-03-25 14:33:13	6130	79	30	13	2
5897	2022-08-29 07:52:26	2176	11	205	80	5
5898	2020-04-30 12:26:34	4959	70	148	57	5
5899	2020-12-13 07:09:56	2570	45	57	26	5
5900	2022-07-21 14:53:36	4419	91	256	95	3
5901	2018-09-08 00:20:08	8865	99	115	46	1
5902	2020-10-30 21:08:20	2022	41	5	5	1
5903	2022-12-13 13:56:44	8312	13	6	2	4
5904	2022-02-11 03:54:36	9003	34	276	100	4
5905	2019-12-03 01:01:01	7812	5	105	41	1
5906	2017-05-19 11:21:08	3207	57	114	48	4
5907	2022-03-20 04:22:21	5991	17	6	2	4
5908	2020-11-25 06:06:28	8770	18	7	4	2
5909	2022-11-11 01:15:25	9026	27	164	61	4
5910	2022-04-10 22:45:24	7729	72	173	65	4
5911	2023-02-18 08:58:25	9611	19	46	21	3
5912	2021-09-10 21:54:41	2022	41	148	57	5
5913	2019-04-14 13:07:33	2532	47	151	53	4
5914	2021-11-12 06:34:00	9266	36	118	42	3
5915	2022-03-17 21:52:41	2532	47	118	42	5
5916	2019-01-27 09:08:09	7729	72	272	97	4
5917	2021-07-02 08:02:13	369	93	10	3	5
5918	2022-04-13 18:53:52	7136	48	203	81	1
5919	2022-11-20 11:23:43	5100	88	253	90	1
5920	2020-11-16 00:21:25	2681	68	203	81	1
5921	2023-03-20 19:59:06	3862	29	160	60	4
5922	2022-02-19 07:18:48	2075	31	115	46	1
5923	2021-01-04 05:47:10	3070	39	141	52	4
5924	2021-02-09 07:41:07	9026	27	10	3	4
5925	2020-10-10 19:41:37	5100	88	242	87	1
5926	2023-05-11 06:05:17	446	15	130	50	5
5927	2023-05-22 10:12:09	2681	68	170	67	1
5928	2021-02-25 07:34:02	1481	94	208	77	1
5929	2023-05-24 00:27:02	3953	4	170	67	4
5930	2019-07-26 21:15:54	9026	27	10	3	2
5931	2020-07-09 20:20:31	1914	77	59	27	4
5932	2023-05-10 22:34:16	7729	72	129	49	2
5933	2022-12-02 11:47:46	2040	14	205	80	3
5934	2022-12-21 08:12:08	6612	69	97	37	1
5935	2023-05-21 18:56:48	1266	63	98	34	4
5936	2019-04-18 16:41:14	8268	16	155	62	4
5937	2023-05-22 06:10:33	9026	27	98	34	2
5938	2023-01-30 05:00:43	6612	69	218	84	4
5939	2017-10-11 23:41:57	9611	19	200	79	2
5940	2023-04-19 06:04:13	7295	53	170	67	2
5941	2020-06-05 22:08:04	1868	25	53	22	4
5942	2022-11-13 03:48:12	2040	14	205	80	5
5943	2023-04-05 16:28:03	8865	99	170	67	5
5944	2021-08-09 09:03:20	7295	53	5	5	3
5945	2022-08-22 08:43:29	1529	28	88	30	3
5946	2023-06-02 04:48:34	8289	86	32	14	5
5947	2019-06-22 02:40:51	8108	22	178	69	4
5948	2022-12-21 04:10:47	7651	44	205	80	5
5949	2021-12-09 20:28:00	478	62	7	4	2
5950	2022-11-21 18:19:25	478	62	205	80	3
5951	2022-10-31 09:43:47	9779	6	13	10	2
5952	2023-03-14 16:11:11	619	76	7	4	4
5953	2021-12-20 14:41:50	6431	37	135	51	2
5954	2023-05-26 11:55:30	8020	95	32	14	1
5955	2022-11-12 10:44:00	528	33	116	43	3
5956	2021-01-16 12:10:12	2416	83	7	4	5
5957	2023-03-01 05:38:03	2022	41	236	88	5
5958	2021-09-01 22:50:16	9003	34	188	72	2
5959	2023-03-19 07:41:24	3636	71	6	2	2
5960	2022-03-01 04:23:57	3636	71	105	41	1
5961	2018-09-25 20:40:48	5100	88	110	38	3
5962	2021-11-21 05:43:29	1385	60	156	64	5
5963	2023-05-29 05:20:40	6847	40	32	14	1
5964	2018-04-16 13:00:49	2466	2	52	20	4
5965	2021-01-20 07:28:56	6602	61	218	84	3
5966	2021-04-11 02:08:51	7136	48	115	46	4
5967	2023-04-02 01:32:14	1493	84	115	47	1
5968	2022-04-01 00:38:54	4090	74	203	81	5
5969	2023-05-11 03:25:32	6431	37	25	16	4
5970	2023-05-10 19:34:31	9611	19	266	99	4
5971	2023-04-29 21:56:55	8289	86	98	34	2
5972	2017-05-05 12:59:46	2466	2	52	19	4
5973	2023-05-21 14:19:12	7651	44	205	80	2
5974	2021-10-02 00:03:00	564	73	148	57	2
5975	2022-12-14 16:05:37	1704	89	7	4	1
5976	2023-03-19 07:56:43	7295	53	115	47	5
5977	2017-09-17 22:09:40	5947	9	22	8	1
5978	2020-11-22 22:41:15	4388	50	67	29	4
5979	2020-12-10 07:35:43	1529	28	209	76	3
5980	2022-04-13 02:33:23	1493	84	5	5	5
5981	2018-03-20 23:02:44	3207	57	114	48	2
5982	2022-07-27 14:28:05	3390	82	79	32	3
5983	2019-12-23 07:45:11	13	24	203	81	5
5984	2023-01-02 03:38:17	7630	81	156	64	5
5985	2020-07-09 03:59:29	4328	43	154	54	3
5986	2023-03-13 04:29:19	2040	14	205	80	4
5987	2021-11-22 15:42:00	9003	34	276	100	4
5988	2021-12-12 15:30:26	7136	48	5	5	5
5989	2022-10-01 07:23:43	8770	18	7	4	5
5990	2023-05-25 12:23:42	1739	51	213	85	5
5991	2021-11-15 14:51:03	237	80	208	77	5
5992	2023-01-16 10:07:01	8770	18	205	80	1
5993	2023-02-17 10:43:42	446	15	130	50	1
5994	2023-05-01 21:18:47	7812	5	160	60	5
5995	2022-07-07 14:20:53	5991	17	105	41	4
5996	2023-05-10 10:09:38	8865	99	170	67	2
5997	2021-12-19 07:12:11	3862	29	61	24	1
5998	2023-03-20 03:02:48	6412	23	214	83	5
5999	2019-08-01 18:45:32	2681	68	115	46	3
6000	2022-06-06 03:20:37	2176	11	7	4	4
6001	2021-08-09 06:37:19	6412	23	148	57	5
6002	2021-07-03 11:06:22	9266	36	118	42	5
6003	2019-03-30 02:49:11	4959	70	203	81	3
6004	2022-08-17 19:10:28	3636	71	160	60	2
6005	2022-08-12 11:06:51	6024	96	205	80	4
6006	2018-11-18 11:59:33	9699	78	129	49	5
6007	2023-03-03 06:15:50	5384	35	253	90	1
6008	2018-03-14 10:01:20	2466	2	261	92	5
6009	2022-10-27 21:39:42	2040	14	205	80	3
6010	2019-12-17 14:18:37	9683	87	46	21	2
6011	2021-08-22 18:50:39	7630	81	156	63	3
6012	2022-08-04 09:50:33	1914	77	191	75	2
6013	2022-07-01 01:05:59	9779	6	167	66	2
6014	2022-09-27 17:05:14	2947	12	205	80	3
6015	2019-07-04 14:36:20	7630	81	13	9	2
6016	2019-07-17 00:36:30	7729	72	52	20	3
6017	2020-06-18 09:27:00	8020	95	10	3	2
6018	2019-12-31 06:01:58	2867	66	235	89	5
6019	2021-10-01 14:31:18	2681	68	115	46	4
6020	2022-06-01 19:56:32	8289	86	10	3	3
6021	2023-02-02 04:30:38	1704	89	7	4	3
6022	2022-09-03 01:44:43	3299	75	14	11	2
6023	2022-04-20 00:17:37	3636	71	6	2	5
6024	2021-11-09 23:19:04	13	24	214	83	5
6025	2022-05-17 17:08:24	5947	9	264	93	2
6026	2023-01-24 06:56:57	13	24	203	81	4
6027	2022-04-22 04:23:58	1492	98	254	94	4
6028	2018-10-28 21:06:29	2570	45	57	26	5
6029	2022-08-04 06:13:38	675	21	110	40	1
6030	2023-05-27 08:58:58	9234	38	32	14	5
6031	2023-05-25 15:54:19	369	93	98	34	3
6032	2018-11-21 01:34:30	5384	35	209	76	4
6033	2022-02-04 19:22:00	528	33	116	43	1
6034	2021-01-06 06:03:14	1739	51	59	27	5
6035	2020-06-30 22:50:10	8268	16	199	78	1
6036	2023-01-25 09:55:29	4622	8	105	41	2
6037	2023-05-24 17:27:07	7651	44	205	80	2
6038	2022-07-29 08:56:48	8108	22	79	32	5
6039	2021-10-31 13:07:31	1914	77	147	58	3
6040	2018-11-27 20:59:35	1118	92	110	38	2
6041	2022-06-28 20:25:45	4622	8	105	41	5
6042	2023-04-06 20:50:07	3953	4	236	88	4
6043	2022-07-20 18:56:41	1868	25	9	6	2
6044	2022-06-11 15:53:10	6431	37	135	51	4
6045	2021-02-10 05:19:11	9699	78	129	49	4
6046	2019-08-14 23:48:00	3390	82	57	26	5
6047	2019-07-22 00:58:27	4328	43	154	54	1
6048	2019-11-28 10:31:41	1481	94	208	77	2
6049	2017-05-28 04:13:30	5035	54	110	38	5
6050	2021-02-10 11:32:43	7542	85	61	24	1
6051	2020-09-03 17:13:13	9683	87	46	21	4
6052	2017-03-28 20:07:57	8108	22	13	9	5
6053	2022-10-15 20:48:19	3207	57	147	58	1
6054	2022-09-29 07:33:19	8684	26	167	66	3
6055	2023-02-01 18:21:59	2040	14	205	80	5
6056	2016-12-19 15:26:29	6130	79	30	13	4
6057	2022-07-18 21:25:49	1868	25	97	37	3
6058	2020-03-31 17:33:15	3207	57	191	75	4
6059	2019-03-27 05:52:08	5035	54	110	38	3
6060	2016-09-01 14:24:38	528	33	248	91	5
6061	2018-12-20 04:58:10	7812	5	61	24	1
6062	2023-05-26 12:53:33	7136	48	115	47	3
6063	2020-11-02 12:50:29	1213	46	199	78	4
6064	2022-03-03 06:06:03	478	62	7	4	5
6065	2020-12-14 20:08:06	4388	50	111	44	5
6066	2022-10-27 10:31:17	369	93	208	77	5
6067	2022-09-18 03:33:50	5704	49	160	60	3
6068	2020-12-16 16:20:18	9699	78	173	65	4
6069	2023-06-01 15:05:09	8289	86	32	14	1
6070	2020-01-12 07:40:39	7542	85	61	24	2
6071	2021-06-04 00:02:06	2681	68	236	88	4
6072	2020-07-21 18:16:14	2416	83	7	4	5
6073	2020-10-10 06:02:32	7295	53	148	57	1
6074	2023-02-17 15:15:18	5100	88	209	76	4
6075	2018-02-28 07:54:26	8108	22	79	31	2
6076	2016-12-03 11:44:07	4622	8	248	91	1
6077	2021-01-23 17:13:19	5035	54	99	33	2
6078	2022-07-14 21:10:55	5704	49	61	24	5
6079	2023-01-14 08:59:28	8770	18	205	80	1
6080	2023-05-21 18:31:58	4419	91	25	16	5
6081	2019-01-24 07:16:09	1407	56	141	52	3
6082	2022-11-25 14:54:31	7403	65	253	90	5
6083	2021-07-03 17:15:25	8312	13	248	91	2
6084	2022-06-21 09:51:32	2022	41	214	83	4
6085	2023-05-25 20:38:36	401	97	213	85	1
6086	2023-05-31 22:15:59	8020	95	32	14	2
6087	2023-03-05 06:56:01	7716	42	272	98	5
6088	2022-10-13 20:18:55	6660	59	89	35	5
6089	2022-09-23 03:38:04	2481	100	160	60	5
6090	2023-05-29 21:08:22	1529	28	264	93	2
6091	2021-12-18 00:03:32	4423	32	116	43	5
6092	2016-09-29 06:17:45	2681	68	236	88	1
6093	2021-12-11 10:48:43	2466	2	162	59	2
6094	2019-11-05 17:00:16	2481	100	248	91	1
6095	2023-04-29 19:00:21	1493	84	170	67	4
6096	2023-03-11 23:28:46	7295	53	115	47	1
6097	2020-03-02 13:07:07	675	21	11	1	3
6098	2017-08-23 09:02:30	4419	91	223	86	5
6099	2018-02-24 12:59:01	2466	2	30	13	1
6100	2020-11-02 20:11:50	8312	13	248	91	2
6101	2019-06-15 20:21:10	675	21	66	23	5
6102	2022-05-02 17:30:35	4423	32	116	43	3
6103	2020-04-17 08:42:50	8268	16	276	100	4
6104	2023-04-23 21:56:19	369	93	98	34	5
6105	2019-07-01 04:41:25	6612	69	218	84	2
6106	2020-05-26 23:34:57	7630	81	167	66	5
6107	2019-03-22 21:12:55	4090	74	148	57	3
6108	2023-01-11 23:52:01	2570	45	156	64	4
6109	2019-10-13 14:24:10	6602	61	218	84	2
6110	2022-12-24 05:44:18	4959	70	115	47	1
6111	2022-10-29 06:36:54	619	76	205	80	2
6112	2023-06-04 05:41:14	675	21	264	93	3
6113	2023-04-20 14:20:45	2310	20	272	98	1
6114	2020-11-21 01:17:13	9779	6	46	21	1
6115	2022-02-15 08:39:16	1739	51	147	58	3
6116	2021-12-20 01:15:10	6024	96	7	4	4
6117	2019-06-04 23:52:10	7542	85	248	91	2
6118	2018-11-16 12:21:13	1914	77	235	89	5
6119	2022-06-04 22:22:23	1868	25	218	84	3
6120	2019-12-08 19:45:48	6412	23	148	57	4
6121	2020-01-22 03:36:03	1266	63	10	3	3
6122	2019-09-18 23:21:27	675	21	242	87	5
6123	2023-01-23 14:14:31	9734	52	7	4	1
6124	2023-05-25 02:38:39	2176	11	205	80	2
6125	2018-12-07 21:32:44	3207	57	191	74	2
6126	2019-06-09 12:04:51	6431	37	223	86	5
6127	2021-05-05 12:51:01	4090	74	214	83	2
6128	2021-10-09 10:41:49	1407	56	262	96	1
6129	2022-11-18 10:43:17	3636	71	105	41	3
6130	2020-08-12 12:56:58	528	33	248	91	1
6131	2022-12-18 08:26:35	8770	18	7	4	3
6132	2020-07-17 01:06:18	7403	65	99	33	2
6133	2022-04-29 14:49:04	1266	63	164	61	3
6134	2022-05-19 22:35:05	6431	37	146	56	4
6135	2020-08-31 13:49:20	2481	100	61	24	2
6136	2023-01-13 10:05:07	8770	18	205	80	2
6137	2019-09-25 11:40:00	4090	74	148	57	5
6138	2021-07-13 04:09:02	3390	82	156	63	5
6139	2019-10-31 05:28:06	564	73	148	57	2
6140	2022-10-01 13:52:16	3390	82	13	10	1
6141	2016-09-30 01:15:27	3323	7	236	88	2
6142	2018-06-04 14:35:31	2034	10	34	17	3
6143	2021-09-16 21:44:57	4090	74	115	46	1
6144	2023-04-11 08:22:56	2176	11	205	80	4
6145	2020-04-03 10:30:29	7651	44	7	4	3
6146	2022-08-27 02:57:22	4622	8	160	60	1
6147	2018-09-26 09:38:21	3636	71	248	91	3
6148	2023-05-05 13:07:29	6431	37	25	16	5
6149	2021-08-22 22:23:00	4423	32	116	43	4
6150	2023-04-09 20:52:45	7295	53	170	67	5
6151	2019-07-08 05:21:01	1385	60	178	69	4
6152	2022-04-04 07:53:16	6612	69	262	96	4
6153	2022-11-11 18:37:28	5704	49	6	2	3
6154	2018-12-01 17:11:56	9003	34	23	15	2
6155	2018-04-18 19:39:07	7136	48	236	88	2
6156	2021-10-05 11:41:11	5704	49	116	43	1
6157	2023-05-06 19:27:53	8312	13	116	43	4
6158	2016-10-14 10:38:31	5100	88	242	87	3
6159	2023-01-27 00:56:33	8108	22	266	99	2
6160	2018-05-19 02:23:27	7812	5	248	91	3
6161	2018-07-12 14:44:39	4328	43	66	23	3
6162	2022-11-15 23:43:37	6847	40	208	77	5
6163	2022-06-17 21:06:33	2040	14	7	4	5
6164	2022-02-10 18:40:37	5991	17	116	43	4
6165	2019-02-17 19:30:51	5035	54	154	54	5
6166	2020-02-18 19:13:07	6612	69	141	52	1
6167	2020-12-16 02:23:50	9699	78	129	49	2
6168	2023-05-04 17:20:00	4419	91	256	95	3
6169	2023-02-07 16:19:22	4419	91	212	82	2
6170	2022-12-30 03:31:21	8865	99	115	47	4
6171	2023-05-02 13:00:57	237	80	98	34	4
6172	2023-05-21 02:20:46	9734	52	205	80	3
6173	2022-09-28 08:08:07	4959	70	214	83	5
6174	2020-03-20 04:02:23	8289	86	10	3	1
6175	2019-10-03 06:20:12	9699	78	52	20	1
6176	2021-12-11 22:51:19	8128	58	105	41	2
6177	2023-02-17 23:17:08	2176	11	205	80	4
6178	2019-10-05 15:19:53	237	80	208	77	5
6179	2023-05-29 07:18:29	1529	28	154	55	2
6180	2017-08-12 19:01:53	5035	54	242	87	5
6181	2022-10-03 12:55:03	9734	52	205	80	4
6182	2020-11-05 07:28:15	5952	30	7	4	2
6183	2016-05-25 02:57:24	6130	79	52	19	1
6184	2021-03-23 07:47:45	4375	55	203	81	2
6185	2023-05-25 16:54:34	6847	40	98	34	1
6186	2023-04-23 00:12:04	7651	44	7	4	4
6187	2022-03-12 17:48:41	564	73	5	5	3
6188	2023-03-01 16:56:40	5343	90	272	98	2
6189	2015-06-21 16:59:22	1868	25	53	22	4
6190	2020-03-03 19:47:46	564	73	203	81	2
6191	2021-11-01 13:28:45	2947	12	7	4	4
6192	2019-03-03 11:25:21	2075	31	115	46	3
6193	2022-10-10 16:33:52	3299	75	14	12	4
6194	2022-11-24 05:22:35	2947	12	205	80	5
6195	2021-10-09 11:03:59	13	24	214	83	4
6196	2023-02-08 13:08:49	1118	92	110	40	1
6197	2023-05-28 10:58:22	9026	27	32	14	1
6198	2017-08-17 03:57:37	5343	90	261	92	2
6199	2020-03-16 14:05:54	2075	31	148	57	1
6200	2021-07-07 02:21:53	8268	16	188	72	1
6201	2021-02-12 12:43:16	7716	42	19	7	1
6202	2022-07-16 15:21:48	1704	89	7	4	3
6203	2020-04-04 22:30:52	6130	79	162	59	5
6204	2022-09-10 19:43:30	9779	6	13	10	5
6205	2021-11-17 22:54:31	7716	42	151	53	5
6206	2023-05-20 23:24:26	1739	51	213	85	2
6207	2020-02-02 15:17:45	564	73	148	57	5
6208	2022-03-14 15:39:53	13	24	236	88	1
6209	2022-12-08 13:35:28	2416	83	7	4	4
6210	2023-01-14 23:52:10	5035	54	253	90	1
6211	2020-07-12 15:19:28	7403	65	88	30	2
6212	2023-01-18 11:38:18	2416	83	205	80	3
6213	2022-10-31 20:35:55	5035	54	242	87	5
6214	2019-04-18 00:02:30	2022	41	148	57	5
6215	2020-06-09 13:19:16	2416	83	7	4	3
6216	2020-08-03 06:13:24	446	15	218	84	2
6217	2015-09-23 09:49:14	6460	64	53	22	1
6218	2021-12-20 22:07:50	3862	29	248	91	2
6219	2023-05-09 21:49:24	8865	99	115	47	1
6220	2020-01-01 18:54:29	1529	28	264	93	3
6221	2020-03-03 20:06:55	675	21	22	8	2
6222	2021-03-03 03:09:58	2176	11	7	4	4
6223	2020-12-31 10:19:05	1914	77	114	48	4
6224	2023-04-03 03:56:39	4388	50	276	100	4
6225	2018-11-12 05:07:57	3636	71	248	91	2
6226	2017-08-08 15:30:31	5100	88	66	23	5
6227	2021-01-24 10:58:16	2416	83	7	4	1
6228	2021-07-24 08:52:20	2681	68	214	83	2
6229	2023-01-26 18:33:41	4090	74	115	47	3
6230	2018-07-30 07:13:19	7630	81	79	31	1
6231	2023-02-20 18:34:06	564	73	115	47	2
6232	2023-06-05 19:58:12	9234	38	32	14	3
6233	2023-05-20 14:53:40	9026	27	164	61	3
6234	2022-11-09 22:12:09	446	15	9	6	1
6235	2021-01-24 07:12:59	8770	18	7	4	1
6236	2021-12-14 08:30:14	2310	20	162	59	2
6237	2022-05-24 22:29:20	4419	91	190	73	1
6238	2022-03-15 03:16:03	3207	57	191	75	1
6239	2023-02-20 07:20:09	3299	75	256	95	2
6240	2023-05-07 21:13:13	1704	89	205	80	1
6241	2016-12-10 07:13:23	4419	91	223	86	3
6242	2023-05-29 08:55:32	8020	95	32	14	1
6243	2021-07-13 06:59:31	3070	39	9	6	3
6244	2023-03-07 00:11:24	2416	83	205	80	1
6245	2020-09-07 10:14:39	9003	34	276	100	5
6246	2021-07-06 07:06:39	401	97	191	75	4
6247	2019-06-06 03:22:48	9266	36	162	59	3
6248	2023-02-17 00:13:04	3236	3	115	47	5
6249	2018-02-11 14:12:47	8108	22	79	31	1
6250	2023-05-17 06:07:17	9026	27	98	34	2
6251	2019-05-21 14:21:07	5384	35	66	23	3
6252	2018-03-05 04:28:05	1385	60	79	31	1
6253	2022-10-25 23:30:00	564	73	5	5	2
6254	2018-01-12 06:17:52	675	21	242	87	4
6255	2022-12-04 04:17:26	5952	30	205	80	2
6256	2021-01-17 03:35:57	6024	96	7	4	4
6257	2023-03-24 08:59:47	2466	2	272	98	1
6258	2020-10-07 10:32:44	1529	28	11	1	1
6259	2022-07-30 16:59:30	2310	20	19	7	3
6260	2016-02-14 17:29:14	9266	36	129	49	1
6261	2022-03-13 12:40:24	4090	74	115	46	4
6262	2023-05-30 02:17:29	8020	95	32	14	2
6263	2019-05-28 21:00:19	3953	4	115	46	2
6264	2022-11-26 01:57:05	1118	92	253	90	2
6265	2018-01-26 04:29:22	3207	57	191	74	3
6266	2023-03-12 19:12:57	2867	66	147	58	1
6267	2023-06-02 14:43:54	5704	49	116	43	4
6268	2023-04-01 19:50:45	3862	29	116	43	4
6269	2020-11-15 17:42:40	6647	67	146	56	2
6270	2016-05-12 15:41:35	9699	78	129	49	1
6271	2021-02-03 23:21:38	4328	43	66	23	3
6272	2020-01-16 03:19:54	2947	12	7	4	3
6273	2022-10-20 14:36:57	1385	60	200	79	1
6274	2020-04-23 00:52:28	4328	43	242	87	5
6275	2022-08-26 12:17:22	3299	75	212	82	2
6276	2023-05-10 07:29:57	6847	40	98	34	1
6277	2021-09-01 17:12:16	1385	60	46	21	1
6278	2019-07-14 09:00:50	6460	64	9	6	3
6279	2022-06-07 22:16:27	9026	27	164	61	4
6280	2022-01-23 01:47:45	1213	46	276	100	5
6281	2020-11-15 01:40:25	446	15	9	6	1
6282	2021-02-09 21:03:11	7403	65	264	93	5
6283	2019-05-18 20:34:13	7630	81	200	79	4
6284	2021-03-14 01:02:42	1266	63	10	3	4
6285	2016-02-13 03:22:31	1492	98	188	71	4
6286	2020-12-15 00:32:35	1868	25	53	22	1
6287	2020-01-21 09:55:50	3070	39	9	6	5
6288	2023-02-24 20:05:40	2416	83	7	4	3
6289	2018-02-03 02:03:43	6130	79	52	20	5
6290	2022-09-03 18:34:39	2681	68	203	81	3
6291	2022-02-22 17:38:25	1868	25	53	22	4
6292	2022-01-31 16:29:39	7295	53	148	57	4
6293	2023-05-13 09:55:13	7136	48	170	67	2
6294	2019-07-26 14:32:53	2075	31	236	88	2
6295	2022-05-26 21:33:44	401	97	114	48	3
6296	2021-12-14 06:18:47	9234	38	10	3	3
6297	2023-05-28 07:09:10	9026	27	32	14	5
6298	2023-04-30 05:46:52	2416	83	205	80	3
6299	2021-01-15 14:11:26	3953	4	115	46	3
6300	2022-11-28 18:31:25	1481	94	164	61	2
6301	2020-06-23 08:14:52	3207	57	235	89	5
6302	2021-05-11 17:40:29	5947	9	264	93	3
6303	2018-11-25 10:14:43	1739	51	235	89	4
6304	2019-04-28 05:27:17	1529	28	66	23	1
6305	2023-04-08 22:38:18	2681	68	115	47	5
6306	2022-10-18 05:37:56	1704	89	205	80	1
6307	2021-02-02 22:06:03	369	93	208	77	4
6308	2022-06-13 18:27:40	675	21	209	76	2
6309	2023-05-21 01:19:23	1118	92	154	55	3
6310	2023-01-02 07:58:39	7542	85	160	60	4
6311	2023-05-26 04:32:11	237	80	32	14	5
6312	2022-02-15 22:37:02	8684	26	46	21	4
6313	2022-11-25 10:27:59	6647	67	256	95	3
6314	2020-02-17 16:10:47	4090	74	236	88	3
6315	2022-11-22 12:45:19	4419	91	212	82	2
6316	2023-04-20 08:24:46	369	93	164	61	1
6317	2021-03-21 11:35:31	478	62	7	4	2
6318	2022-12-02 06:22:49	7812	5	160	60	2
6319	2020-02-01 13:19:57	3207	57	191	75	2
6320	2022-12-04 06:19:39	3299	75	14	12	5
6321	2018-01-05 21:57:54	6130	79	52	20	4
6322	2020-10-24 12:10:48	2644	1	79	32	4
6323	2022-06-09 21:37:11	6647	67	113	45	3
6324	2023-05-13 17:52:27	3236	3	170	67	1
6325	2022-12-01 02:43:04	8108	22	13	10	4
6326	2023-05-16 18:45:13	3299	75	25	16	4
6327	2022-05-30 16:34:07	6612	69	53	22	5
6328	2019-07-23 07:18:56	7630	81	178	69	2
6329	2021-05-08 20:45:38	3299	75	36	18	2
6330	2019-02-13 10:17:56	2681	68	203	81	1
6331	2023-05-19 00:44:38	8020	95	98	34	3
6332	2020-07-11 00:40:25	7295	53	5	5	5
6333	2022-08-16 13:25:06	1118	92	110	40	3
6334	2021-07-20 01:28:37	4090	74	115	46	2
6335	2020-10-03 13:16:42	1481	94	10	3	2
6336	2019-11-08 23:05:49	1529	28	264	93	3
6337	2022-12-05 12:29:24	4622	8	6	2	5
6338	2017-04-03 14:43:20	9266	36	272	97	5
6339	2019-06-30 00:16:24	6602	61	9	6	4
6340	2022-08-19 23:52:04	3862	29	160	60	2
6341	2018-02-02 03:06:45	1914	77	191	74	2
6342	2018-03-14 10:59:11	4090	74	236	88	3
6343	2022-09-06 11:28:42	5952	30	7	4	2
6344	2023-03-17 21:08:56	2644	1	90	36	1
6345	2021-04-25 12:00:15	1529	28	66	23	1
6346	2022-10-27 18:01:38	1481	94	164	61	2
6347	2017-10-02 21:09:44	9683	87	13	9	1
6348	2023-05-14 21:04:33	6660	59	23	15	1
6349	2016-09-07 16:55:12	6612	69	218	84	1
6350	2022-08-03 17:54:56	237	80	208	77	4
6351	2022-12-27 19:29:14	3953	4	115	47	4
6352	2021-06-02 16:57:11	8770	18	7	4	4
6353	2021-12-22 11:19:43	7542	85	105	41	4
6354	2023-05-27 20:12:18	9234	38	98	34	2
6355	2023-04-24 16:06:40	478	62	7	4	3
6356	2023-03-04 06:21:15	5947	9	99	33	5
6357	2019-04-23 22:40:41	1385	60	13	9	4
6358	2019-07-08 16:19:36	6130	79	129	49	2
6359	2022-10-13 20:46:27	2947	12	205	80	1
6360	2019-01-24 06:20:13	8128	58	248	91	1
6361	2021-03-25 19:21:52	8128	58	105	41	2
6362	2018-07-14 16:58:38	2075	31	203	81	5
6363	2021-09-05 19:35:59	564	73	5	5	3
6364	2021-09-13 07:46:37	7812	5	116	43	1
6365	2023-04-17 02:03:57	3323	7	170	67	1
6366	2018-01-07 15:20:11	2570	45	13	9	1
6367	2023-02-26 19:37:39	619	76	205	80	4
6368	2021-10-06 00:37:02	6602	61	262	96	5
6369	2022-08-28 13:56:55	3299	75	36	18	5
6370	2022-09-04 18:20:00	7295	53	115	46	1
6371	2021-08-29 16:04:22	4328	43	264	93	3
6372	2020-01-12 15:15:55	7651	44	7	4	5
6373	2020-02-20 13:15:39	2867	66	59	27	5
6374	2018-12-24 08:01:08	7716	42	52	20	5
6375	2019-11-09 05:50:42	528	33	61	24	3
6376	2023-06-05 03:51:01	6847	40	32	14	4
6377	2022-01-28 16:04:37	8312	13	116	43	4
6378	2022-01-01 00:20:11	2034	10	199	78	4
6379	2023-02-07 21:10:42	6130	79	19	7	5
6380	2021-03-18 11:36:49	2310	20	261	92	3
6381	2020-09-14 16:42:19	6647	67	190	73	4
6382	2019-07-13 18:40:37	2644	1	178	69	2
6383	2022-03-19 04:17:43	9611	19	178	70	2
6384	2022-10-28 04:54:49	5991	17	160	60	2
6385	2021-07-14 21:55:14	3323	7	214	83	4
6386	2022-07-12 19:13:49	528	33	6	2	1
6387	2021-12-21 06:23:19	1481	94	10	3	3
6388	2021-05-12 08:38:08	4959	70	115	46	3
6389	2018-07-13 09:16:16	1385	60	79	31	3
6390	2021-01-05 00:00:37	2466	2	162	59	2
6391	2019-08-02 02:38:19	8289	86	10	3	5
6392	2023-04-12 21:37:50	2022	41	5	5	5
6393	2019-07-04 01:38:31	1407	56	141	52	2
6394	2022-12-21 21:44:55	1868	25	130	50	1
6395	2023-05-25 10:06:49	9026	27	32	14	1
6396	2022-01-01 22:06:23	8128	58	116	43	5
6397	2023-05-24 22:05:48	8289	86	164	61	4
6398	2022-09-20 18:30:26	2570	45	178	70	4
6399	2018-04-18 11:10:09	9779	6	57	26	5
6400	2022-06-15 15:51:54	9734	52	7	4	1
6401	2023-05-28 16:30:27	9234	38	32	14	4
6402	2018-06-23 18:31:24	7630	81	57	26	2
6403	2022-12-23 02:58:29	8312	13	160	60	2
6404	2018-07-17 19:51:37	7630	81	13	9	3
6405	2023-01-18 04:50:47	13	24	115	47	5
6406	2022-05-04 18:23:24	4328	43	264	93	1
6407	2022-02-28 10:38:43	2310	20	19	7	2
6408	2019-01-28 15:28:04	2644	1	79	32	1
6409	2022-09-05 15:47:09	4423	32	116	43	3
6410	2022-09-17 03:00:44	1739	51	147	58	2
6411	2019-02-14 17:17:08	2681	68	203	81	5
6412	2019-06-05 16:53:54	8108	22	46	21	1
6413	2022-06-20 06:15:00	6647	67	113	45	3
6414	2020-09-25 00:32:19	8268	16	188	72	1
6415	2022-09-15 04:07:45	7630	81	13	10	1
6416	2023-02-14 13:27:23	1385	60	13	10	2
6417	2022-02-15 05:29:05	2681	68	203	81	5
6418	2019-12-20 06:06:13	8312	13	61	24	3
6419	2021-05-09 11:53:46	6130	79	52	20	5
6420	2021-12-05 11:25:25	7812	5	116	43	1
6421	2018-09-02 15:36:59	8128	58	248	91	2
6422	2022-05-19 22:45:25	3299	75	146	56	2
6423	2023-02-10 03:23:57	5343	90	272	98	2
6424	2023-06-03 16:56:13	1481	94	32	14	4
6425	2019-03-03 11:41:39	7716	42	272	97	1
6426	2022-07-09 01:37:44	3207	57	147	58	1
6427	2021-09-14 05:44:35	8770	18	7	4	3
6428	2021-09-26 14:58:57	2310	20	173	65	2
6429	2020-02-04 20:08:55	4388	50	199	78	3
6430	2018-03-07 20:34:34	7403	65	154	54	1
6431	2021-02-27 16:59:46	2416	83	7	4	4
6432	2022-11-23 12:27:08	1385	60	13	10	4
6433	2021-10-31 08:36:16	9683	87	79	32	5
6434	2022-09-30 07:14:53	1266	63	208	77	4
6435	2022-11-26 15:30:52	1529	28	110	40	2
6436	2020-05-13 02:33:58	3070	39	9	6	5
6437	2020-11-17 14:31:38	5343	90	19	7	1
6438	2020-11-23 21:14:08	9683	87	46	21	4
6439	2021-10-24 00:49:28	7136	48	115	46	3
6440	2022-12-31 07:36:04	2075	31	115	47	2
6441	2022-04-18 10:12:07	5947	9	110	39	5
6442	2021-12-19 06:57:18	5384	35	99	33	3
6443	2023-04-17 20:34:31	446	15	97	37	3
6444	2021-07-06 21:46:47	401	97	235	89	1
6445	2020-11-01 20:53:50	13	24	5	5	2
6446	2021-08-12 14:32:39	4419	91	14	11	4
6447	2021-09-12 19:12:14	2532	47	173	65	4
6448	2022-08-08 09:51:23	9266	36	19	7	1
6449	2022-11-05 05:18:22	2681	68	5	5	4
6450	2023-02-10 00:59:40	4419	91	135	51	1
6451	2022-08-11 20:13:09	8020	95	164	61	3
6452	2022-09-24 09:00:01	5952	30	205	80	4
6453	2022-09-20 07:51:58	3636	71	6	2	2
6454	2021-11-08 19:19:26	5704	49	116	43	4
6455	2021-03-02 03:23:54	8289	86	10	3	5
6456	2020-03-28 18:18:41	6130	79	151	53	4
6457	2023-05-22 20:50:39	4419	91	25	16	4
6458	2020-06-05 22:37:28	6460	64	218	84	2
6459	2019-04-06 20:59:04	8289	86	208	77	5
6460	2020-03-12 07:30:37	13	24	203	81	5
6461	2018-06-02 21:49:46	1868	25	53	22	3
6462	2022-06-18 14:26:28	5991	17	6	2	2
6463	2020-07-24 13:08:39	1385	60	79	32	4
6464	2023-02-28 07:13:26	5704	49	116	43	1
6465	2022-10-27 08:32:18	6847	40	208	77	3
6466	2022-03-30 06:41:35	4388	50	89	35	5
6467	2022-04-22 04:55:24	1266	63	164	61	3
6468	2022-12-28 09:33:38	5704	49	160	60	1
6469	2022-05-06 16:51:12	4423	32	6	2	5
6470	2020-12-27 02:48:27	1914	77	114	48	2
6471	2022-01-04 13:34:02	2075	31	148	57	5
6472	2017-10-30 00:21:46	1118	92	242	87	4
6473	2021-08-30 20:08:06	9003	34	89	35	3
6474	2022-10-24 12:14:35	4423	32	116	43	1
6475	2023-06-01 02:52:09	4328	43	154	55	5
6476	2021-03-17 08:52:41	4090	74	236	88	2
6477	2020-08-06 17:46:53	2947	12	7	4	4
6478	2022-05-21 05:40:49	4622	8	6	2	3
6479	2020-05-30 06:02:27	401	97	191	75	4
6480	2023-05-27 13:44:38	4328	43	253	90	3
6481	2022-08-26 07:45:00	7630	81	156	64	4
6482	2023-02-16 06:08:55	5704	49	116	43	5
6483	2021-01-26 20:53:48	1704	89	7	4	4
6484	2022-09-08 08:30:39	5035	54	110	40	3
6485	2022-06-18 12:36:07	9683	87	178	70	3
6486	2021-04-02 02:47:30	2570	45	156	63	3
6487	2023-04-08 18:52:35	9779	6	57	26	5
6488	2022-05-26 15:49:20	3070	39	130	50	3
6489	2023-03-29 15:19:32	675	21	99	33	4
6490	2022-12-27 03:32:14	1529	28	154	54	1
6491	2022-10-27 19:33:27	8128	58	160	60	4
6492	2023-06-05 21:41:08	9026	27	32	14	1
6493	2019-09-13 19:19:09	9683	87	79	32	3
6494	2021-06-23 13:56:21	1914	77	235	89	4
6495	2017-03-26 22:35:23	1492	98	188	71	5
6496	2017-04-08 06:00:43	1739	51	114	48	2
6497	2022-04-11 11:55:03	4419	91	146	56	5
6498	2017-12-01 05:42:18	9003	34	188	71	5
6499	2021-01-03 17:02:15	5384	35	88	30	5
6500	2021-12-11 16:24:42	3299	75	14	11	1
6501	2018-03-01 02:38:01	8108	22	57	26	4
6502	2021-12-17 10:28:42	9734	52	7	4	2
6503	2023-05-11 03:14:16	564	73	148	57	1
6504	2020-05-26 10:03:31	8289	86	208	77	2
6505	2023-05-14 18:38:18	2681	68	115	47	1
6506	2023-02-20 21:43:45	2947	12	205	80	5
6507	2018-02-18 04:15:53	3323	7	236	88	2
6508	2021-07-05 16:12:37	2466	2	173	65	4
6509	2018-03-21 21:51:27	9611	19	79	31	2
6510	2023-04-17 03:00:28	6024	96	205	80	5
6511	2021-06-27 04:58:29	9779	6	156	63	5
6512	2021-09-01 15:46:33	6602	61	9	6	1
6513	2019-10-02 05:51:51	6612	69	218	84	2
6514	2023-05-09 23:56:17	9234	38	98	34	1
6515	2021-12-01 18:52:49	9683	87	178	70	4
6516	2023-03-31 03:17:24	8128	58	248	91	2
6517	2019-10-04 07:47:15	675	21	154	54	5
6518	2016-09-20 15:00:44	7729	72	52	19	5
6519	2022-12-24 09:04:59	8312	13	6	2	1
6520	2023-02-06 10:37:53	8128	58	160	60	2
6521	2022-12-23 10:21:29	2947	12	205	80	2
6522	2022-08-05 23:40:43	8268	16	56	25	3
6523	2019-08-05 01:40:07	7136	48	203	81	1
6524	2023-06-05 14:49:04	9234	38	32	14	5
6525	2022-12-22 08:01:16	6847	40	208	77	4
6526	2021-01-19 18:40:54	3953	4	148	57	3
6527	2017-05-07 03:40:16	6660	59	188	71	2
6528	2023-06-04 17:03:44	9266	36	272	98	2
6529	2020-03-29 20:33:46	2681	68	148	57	5
6530	2022-03-10 20:17:37	9026	27	164	61	3
6531	2023-04-27 10:41:04	3299	75	135	51	3
6532	2021-05-07 16:10:47	2867	66	235	89	1
6533	2019-03-18 17:07:03	1914	77	191	74	1
6534	2020-11-12 06:29:54	4388	50	199	78	5
6535	2022-08-23 00:44:16	2947	12	7	4	3
6536	2023-03-18 10:37:53	9683	87	90	36	2
6537	2022-02-04 11:58:22	7403	65	22	8	1
6538	2022-02-14 20:52:19	528	33	116	43	5
6539	2023-03-16 11:04:20	6602	61	262	96	2
6540	2020-09-12 02:21:22	9003	34	34	17	4
6541	2022-11-30 03:17:35	7651	44	7	4	1
6542	2019-08-15 00:18:35	9699	78	173	65	2
6543	2021-02-06 10:57:56	3299	75	135	51	1
6544	2022-02-24 02:25:19	4419	91	223	86	5
6545	2022-05-26 11:27:52	8289	86	208	77	3
6546	2023-06-03 02:47:58	9026	27	32	14	1
6547	2020-11-24 07:09:29	564	73	5	5	1
6548	2023-04-14 23:55:10	6412	23	115	47	2
6549	2023-05-31 21:07:14	5952	30	7	4	5
6550	2022-11-12 10:46:53	675	21	253	90	2
6551	2021-07-14 02:13:32	7716	42	118	42	1
6552	2019-11-15 07:16:11	2310	20	272	97	1
6553	2022-07-12 07:38:08	369	93	164	61	2
6554	2022-03-14 03:40:25	9234	38	208	77	4
6555	2022-11-08 09:38:45	2947	12	205	80	2
6556	2021-10-19 22:55:04	4423	32	248	91	4
6557	2023-04-29 05:48:01	619	76	205	80	4
6558	2016-01-19 22:52:33	6130	79	52	19	1
6559	2019-07-21 03:53:14	2532	47	129	49	4
6560	2023-05-21 12:40:58	5035	54	154	55	3
6561	2022-11-11 05:59:32	619	76	7	4	1
6562	2021-11-25 10:09:36	4419	91	135	51	2
6563	2022-12-11 17:12:34	2947	12	205	80	4
6564	2021-10-13 14:48:44	1385	60	156	63	2
6565	2021-08-19 18:28:44	3323	7	5	5	2
6566	2019-09-10 13:46:11	8268	16	67	29	2
6567	2018-07-04 20:43:08	4375	55	203	81	4
6568	2023-04-09 12:12:17	3236	3	170	67	5
6569	2020-06-15 14:09:23	1213	46	199	78	4
6570	2023-04-25 20:09:24	1704	89	205	80	5
6571	2023-01-25 21:16:13	5991	17	160	60	1
6572	2023-04-29 07:31:32	7136	48	170	67	3
6573	2022-01-10 18:23:42	6847	40	208	77	4
6574	2023-06-03 04:02:42	3299	75	25	16	5
6575	2022-03-17 13:47:59	2570	45	167	66	3
6576	2023-05-18 05:50:16	1266	63	98	34	1
6577	2022-06-11 17:21:35	9611	19	13	9	4
6578	2020-01-13 14:53:10	9611	19	57	26	3
6579	2020-07-16 06:19:23	564	73	203	81	1
6580	2023-01-02 03:55:25	8770	18	205	80	3
6581	2022-10-17 05:17:17	7651	44	7	4	5
6582	2023-04-18 11:47:36	5947	9	253	90	3
6583	2022-07-31 11:58:21	9734	52	7	4	5
6584	2023-04-03 09:11:23	1118	92	253	90	4
6585	2021-01-29 10:26:00	478	62	7	4	1
6586	2022-09-05 07:35:31	7630	81	90	36	4
6587	2022-04-24 02:59:27	6602	61	97	37	2
6588	2021-10-30 22:36:32	9683	87	167	66	2
6589	2020-10-22 17:56:16	9779	6	46	21	4
6590	2022-12-31 23:43:26	13	24	115	47	3
6591	2020-11-29 00:52:25	6431	37	223	86	3
6592	2021-09-17 14:04:10	9683	87	156	63	1
6593	2021-10-11 13:56:49	5952	30	7	4	4
6594	2021-07-20 00:53:55	7716	42	118	42	3
6595	2020-01-26 10:10:12	1529	28	110	38	1
6596	2019-12-24 17:30:35	9699	78	162	59	1
6597	2023-02-03 23:02:04	8312	13	105	41	1
6598	2023-04-29 03:26:50	4419	91	14	12	1
6599	2021-07-22 05:12:49	7403	65	11	1	4
6600	2023-01-30 12:41:43	2022	41	115	47	3
6601	2023-02-27 19:59:34	2681	68	214	83	5
6602	2019-03-01 14:40:37	9699	78	162	59	1
6603	2018-07-28 04:48:38	3207	57	235	89	4
6604	2022-04-12 06:07:54	6847	40	164	61	1
6605	2018-11-05 16:28:56	7630	81	57	26	5
6606	2020-06-22 12:53:24	3236	3	148	57	2
6607	2022-04-26 09:51:30	2867	66	235	89	2
6608	2021-01-28 19:15:15	446	15	9	6	5
6609	2022-12-30 02:16:05	7651	44	205	80	5
6610	2023-02-19 12:05:03	3236	3	115	47	5
6611	2023-02-28 22:48:37	2867	66	59	28	1
6612	2022-05-23 06:56:52	2481	100	6	2	1
6613	2022-05-16 02:38:51	6847	40	164	61	4
6614	2021-03-19 20:49:42	7542	85	61	24	2
6615	2022-12-25 23:48:36	4622	8	105	41	5
6616	2022-01-03 01:41:42	9026	27	10	3	5
6617	2023-05-24 00:42:51	3299	75	25	16	3
6618	2019-06-14 22:59:11	9234	38	208	77	1
6619	2023-05-28 08:23:30	1493	84	170	67	4
6620	2021-12-07 22:42:53	8128	58	116	43	2
6621	2015-09-21 02:13:07	7729	72	129	49	2
6622	2022-07-27 09:36:50	1868	25	53	22	4
6623	2023-03-03 13:24:09	8108	22	90	36	1
6624	2023-01-27 15:44:08	7812	5	6	2	1
6625	2019-04-20 04:54:07	3953	4	148	57	1
6626	2017-10-24 17:27:05	6412	23	236	88	4
6627	2022-10-11 07:20:01	5952	30	205	80	3
6628	2023-02-17 06:58:43	2075	31	115	47	4
6629	2017-08-10 22:59:45	5035	54	66	23	4
6630	2019-07-01 07:10:38	8865	99	148	57	2
6631	2020-08-12 03:28:13	9003	34	276	100	4
6632	2022-06-03 15:51:34	1492	98	188	72	1
6633	2022-08-17 11:38:17	2481	100	116	43	5
6634	2019-02-12 22:01:49	5704	49	248	91	4
6635	2018-05-05 22:03:09	9683	87	79	31	4
6636	2023-03-16 00:29:38	9611	19	200	79	3
6637	2022-11-02 16:23:06	6847	40	10	3	4
6638	2018-04-03 04:12:27	8108	22	79	31	2
6639	2023-05-31 16:20:22	9234	38	32	14	3
6640	2021-03-16 19:36:10	9026	27	208	77	2
6641	2023-06-04 16:00:20	237	80	98	34	1
6642	2021-05-07 14:05:37	9699	78	30	13	4
6643	2019-12-07 04:59:15	1529	28	22	8	2
6644	2022-11-09 02:33:40	2176	11	205	80	2
6645	2018-10-31 14:34:05	1739	51	235	89	5
6646	2021-12-14 12:50:55	8312	13	248	91	2
6647	2018-07-19 11:30:02	9003	34	188	71	5
6648	2022-04-24 21:07:47	8770	18	7	4	4
6649	2022-10-12 12:31:43	8684	26	13	10	1
6650	2016-01-09 03:10:11	6130	79	52	19	3
6651	2018-03-06 07:35:25	1213	46	188	71	4
6652	2023-05-08 17:23:33	5947	9	154	55	4
6653	2023-05-05 21:04:44	369	93	98	34	4
6654	2019-11-27 21:11:22	6847	40	208	77	2
6655	2019-06-04 17:15:10	3070	39	9	6	4
6656	2021-08-28 03:35:28	9779	6	79	32	3
6657	2020-07-02 14:46:43	2867	66	191	75	2
6658	2022-12-01 04:24:06	3207	57	114	48	3
6659	2017-12-14 15:33:21	2466	2	52	20	2
6660	2023-05-27 00:30:40	9026	27	32	14	1
6661	2022-12-27 14:11:19	1385	60	90	36	2
6662	2023-03-29 02:00:25	9734	52	205	80	5
6663	2020-03-11 23:26:05	6847	40	208	77	4
6664	2021-01-05 20:31:29	2416	83	7	4	2
6665	2019-08-30 08:10:15	6847	40	10	3	3
6666	2022-09-02 17:25:08	6602	61	262	96	3
6667	2020-05-08 15:43:41	1213	46	188	72	1
6668	2018-12-10 23:51:42	5991	17	248	91	4
6669	2022-04-28 08:24:54	2040	14	7	4	3
6670	2023-01-17 19:01:30	2022	41	115	47	5
6671	2023-05-13 10:31:39	4375	55	170	67	5
6672	2023-05-03 00:25:50	6847	40	98	34	4
6673	2021-01-02 16:14:12	1492	98	254	94	2
6674	2022-11-20 11:46:54	6647	67	113	45	2
6675	2023-04-27 02:59:07	237	80	98	34	3
6676	2020-11-19 15:58:56	6847	40	208	77	3
6677	2023-05-15 09:22:20	446	15	97	37	2
6678	2023-06-04 20:28:46	4375	55	115	47	4
6679	2022-04-15 14:03:54	5952	30	7	4	5
6680	2018-04-23 01:32:09	6602	61	218	84	5
6681	2022-10-10 22:06:50	1266	63	164	61	1
6682	2018-10-09 00:36:18	1118	92	154	54	5
6683	2023-04-28 12:03:17	2532	47	184	68	2
6684	2022-05-09 21:12:58	8770	18	7	4	4
6685	2022-09-01 07:24:45	2644	1	13	10	3
6686	2022-12-17 14:10:30	1529	28	253	90	4
6687	2021-10-28 14:03:53	7812	5	61	24	4
6688	2021-08-25 16:58:57	1407	56	130	50	3
6689	2022-12-30 19:52:14	7295	53	115	47	3
6690	2023-03-06 08:21:05	4959	70	115	47	3
6691	2019-09-19 16:50:56	5343	90	272	97	2
6692	2021-11-09 02:25:07	1407	56	9	6	1
6693	2021-07-02 23:02:21	4090	74	115	46	2
6694	2022-11-04 03:57:21	7136	48	214	83	3
6695	2019-11-06 15:24:53	3636	71	61	24	5
6696	2020-08-23 05:47:12	2947	12	7	4	4
6697	2020-08-28 21:57:35	2681	68	115	46	5
6698	2017-07-19 06:23:32	1868	25	141	52	5
6699	2018-08-22 00:02:46	6412	23	236	88	2
6700	2022-10-01 12:31:57	2416	83	7	4	5
6701	2023-04-14 08:27:24	3323	7	115	47	1
6702	2018-12-09 18:13:27	1914	77	235	89	2
6703	2020-05-31 13:47:06	5100	88	88	30	2
6704	2016-03-22 08:45:01	3390	82	13	9	4
6705	2022-09-30 04:17:08	7716	42	19	7	1
6706	2023-04-06 13:15:55	1493	84	214	83	3
6707	2022-02-12 16:38:18	3323	7	115	46	1
6708	2022-10-21 20:50:58	8770	18	205	80	4
6709	2023-05-06 11:44:21	7651	44	205	80	1
6710	2019-07-26 08:19:55	8108	22	178	69	4
6711	2022-07-28 05:47:15	4622	8	116	43	3
6712	2023-04-24 08:57:36	5384	35	154	55	5
6713	2023-04-09 22:01:38	5947	9	253	90	3
6714	2021-02-15 11:46:35	401	97	59	27	5
6715	2023-03-30 07:18:34	3323	7	170	67	2
6716	2023-01-27 12:09:29	2867	66	147	58	1
6717	2020-08-20 23:47:38	6660	59	276	100	3
6718	2022-06-16 19:59:21	1868	25	9	6	2
6719	2017-09-26 12:41:54	9003	34	188	71	5
6720	2023-05-01 07:06:23	8684	26	90	36	4
6721	2022-08-17 04:13:08	4622	8	160	60	4
6722	2020-01-25 21:23:46	2466	2	129	49	4
6723	2023-05-21 16:51:44	5035	54	264	93	2
6724	2019-10-29 11:27:36	1529	28	209	76	4
6725	2021-10-31 08:25:39	1492	98	155	62	5
6726	2023-05-28 15:56:45	2532	47	173	65	4
6727	2022-05-02 17:52:04	8289	86	164	61	3
6728	2021-08-18 20:03:33	2947	12	7	4	4
6729	2022-02-22 06:18:32	9234	38	208	77	3
6730	2022-01-10 07:25:08	6024	96	7	4	4
6731	2021-01-12 11:12:08	1739	51	191	75	5
6732	2019-06-20 14:15:17	369	93	10	3	4
6733	2022-01-01 03:25:42	1266	63	208	77	4
6734	2019-07-13 07:06:47	5704	49	61	24	2
6735	2023-03-17 21:58:54	2040	14	205	80	2
6736	2021-06-28 03:39:27	1118	92	11	1	2
6737	2023-01-06 05:30:46	6647	67	223	86	5
6738	2021-12-13 22:51:51	6024	96	7	4	1
6739	2023-01-30 05:13:41	6460	64	130	50	2
6740	2022-04-26 02:13:35	7403	65	110	39	1
6741	2022-03-24 12:53:02	3636	71	6	2	1
6742	2022-02-23 14:09:33	2681	68	214	83	5
6743	2023-03-02 23:40:29	3862	29	160	60	3
6744	2021-12-20 23:09:37	4328	43	11	1	4
6745	2022-12-12 05:06:57	5991	17	6	2	3
6746	2019-05-19 18:36:43	2481	100	61	24	3
6747	2021-09-07 01:24:27	4423	32	248	91	4
6748	2022-10-15 10:03:11	1481	94	164	61	5
6749	2021-11-27 06:11:19	7630	81	90	36	4
6750	2018-09-28 01:38:08	8289	86	208	77	5
6751	2023-01-07 13:55:12	7729	72	118	42	5
6752	2016-03-26 23:53:59	9699	78	52	19	2
6753	2022-03-21 13:09:24	3862	29	248	91	2
6754	2023-04-25 19:19:43	7812	5	116	43	1
6755	2022-07-21 17:00:57	5384	35	110	40	1
6756	2023-05-31 06:28:04	5704	49	160	60	5
6757	2022-06-29 13:39:06	2867	66	114	48	1
6758	2023-04-09 10:16:20	3390	82	167	66	1
6759	2020-09-08 05:30:35	3207	57	235	89	3
6760	2019-06-18 18:00:26	2681	68	148	57	2
6761	2019-03-30 12:15:55	1213	46	23	15	3
6762	2018-11-04 04:38:12	5991	17	248	91	1
6763	2022-03-30 22:55:08	4959	70	148	57	4
6764	2023-02-03 10:03:11	4375	55	115	47	5
6765	2023-05-31 19:32:00	6847	40	98	34	5
6766	2023-06-02 12:51:52	369	93	32	14	2
6767	2023-04-03 07:34:17	4423	32	160	60	2
6768	2016-07-17 17:35:36	2310	20	129	49	1
6769	2022-07-19 11:18:09	3953	4	115	46	4
6770	2021-04-12 12:06:02	3953	4	5	5	1
6771	2022-02-06 15:02:04	2022	41	203	81	3
6772	2023-02-09 18:08:59	9266	36	272	98	1
6773	2023-04-30 02:27:05	6024	96	205	80	2
6774	2023-05-16 23:03:21	401	97	213	85	4
6775	2020-07-07 03:41:11	3236	3	203	81	3
6776	2018-05-14 10:28:26	9611	19	79	31	3
6777	2022-09-11 18:06:32	7651	44	205	80	2
6778	2022-04-10 09:13:21	3636	71	116	43	4
6779	2019-05-27 17:21:21	401	97	191	74	3
6780	2018-01-20 17:34:24	3953	4	115	46	4
6781	2022-11-11 12:06:28	8108	22	13	10	4
6782	2021-10-01 06:19:06	3953	4	203	81	4
6783	2023-04-24 20:37:02	9683	87	13	10	4
6784	2023-03-06 15:49:41	3636	71	6	2	3
6785	2019-12-16 19:48:50	4090	74	115	46	4
6786	2022-12-13 17:19:44	401	97	59	28	5
6787	2023-04-29 18:28:34	2466	2	272	98	1
6788	2018-12-18 04:54:33	3236	3	203	81	2
6789	2021-10-01 15:41:04	7136	48	214	83	5
6790	2019-03-19 04:01:40	8128	58	248	91	2
6791	2023-04-14 21:43:25	6647	67	190	73	4
6792	2021-09-16 18:18:28	1266	63	10	3	2
6793	2023-05-29 18:12:14	1481	94	32	14	3
6794	2023-03-22 01:33:55	2947	12	7	4	1
6795	2021-12-29 19:35:41	478	62	7	4	3
6796	2017-02-26 14:24:33	4419	91	223	86	2
6797	2023-05-29 01:23:48	3207	57	213	85	4
6798	2020-03-23 02:22:49	7295	53	115	46	1
6799	2023-01-20 21:50:30	9611	19	90	36	4
6800	2022-07-22 18:30:45	6647	67	135	51	3
6801	2021-08-26 20:26:54	5343	90	162	59	1
6802	2023-05-24 16:48:19	1914	77	213	85	2
6803	2022-05-03 07:35:08	2644	1	13	9	1
6804	2023-05-15 12:57:52	7630	81	57	26	3
6805	2023-05-05 09:07:38	5947	9	154	55	3
6806	2023-04-29 09:45:37	3953	4	170	67	5
6807	2019-06-29 18:31:19	3390	82	178	69	1
6808	2021-05-21 19:35:40	3236	3	148	57	1
6809	2023-01-25 23:01:33	237	80	164	61	5
6810	2019-03-09 14:49:54	5343	90	52	20	1
6811	2021-10-23 15:25:56	6602	61	130	50	2
6812	2023-05-29 07:02:22	1739	51	213	85	1
6813	2023-02-19 18:22:52	1529	28	110	40	1
6814	2023-03-21 13:25:29	9779	6	156	64	3
6815	2021-07-16 23:19:47	619	76	7	4	4
6816	2023-01-05 17:27:50	619	76	205	80	3
6817	2017-03-24 14:51:19	4419	91	223	86	3
6818	2017-02-21 16:02:37	2075	31	236	88	1
6819	2022-09-15 00:36:52	1704	89	205	80	1
6820	2023-05-13 17:14:20	1385	60	167	66	2
6821	2021-05-10 03:09:12	3323	7	214	83	5
6822	2022-09-16 03:29:37	4423	32	160	60	4
6823	2021-09-25 21:21:04	8268	16	254	94	3
6824	2015-11-28 21:24:45	3070	39	53	22	1
6825	2022-10-06 06:56:21	446	15	130	50	4
6826	2020-06-22 06:10:06	2034	10	188	72	5
6827	2022-10-26 22:51:48	5704	49	160	60	1
6828	2019-01-17 23:25:58	8684	26	46	21	4
6829	2022-06-14 23:59:04	6660	59	34	17	5
6830	2020-09-25 05:32:27	8312	13	61	24	1
6831	2021-05-05 04:14:21	9683	87	156	63	1
6832	2023-03-17 14:51:44	6660	59	89	35	4
6833	2021-09-27 06:11:13	6602	61	130	50	4
6834	2023-05-17 14:33:31	8865	99	170	67	4
6835	2021-07-29 04:06:31	7403	65	22	8	1
6836	2020-12-26 14:55:04	2416	83	7	4	2
6837	2023-01-28 08:27:11	5991	17	116	43	4
6838	2020-03-03 00:24:24	5343	90	162	59	1
6839	2020-03-24 15:34:04	478	62	7	4	1
6840	2022-09-15 09:41:35	2040	14	205	80	3
6841	2023-02-17 02:28:50	619	76	205	80	3
6842	2021-12-12 05:54:10	5991	17	248	91	2
6843	2018-04-13 07:55:15	2867	66	114	48	4
6844	2015-12-24 00:42:43	6612	69	141	52	2
6845	2022-09-12 02:07:42	4622	8	160	60	5
6846	2023-02-14 12:42:26	8312	13	160	60	2
6847	2023-05-22 02:53:18	9683	87	13	10	1
6848	2022-04-30 06:05:08	2644	1	90	36	4
6849	2021-08-13 11:11:54	9611	19	156	63	4
6850	2022-06-18 14:08:55	3390	82	90	36	1
6851	2020-11-24 13:25:13	9611	19	57	26	5
6852	2022-09-11 04:46:28	5952	30	205	80	4
6853	2023-01-02 22:23:25	6660	59	56	25	2
6854	2019-03-04 01:17:38	7729	72	272	97	4
6855	2021-11-04 11:15:36	2681	68	5	5	3
6856	2023-04-20 09:41:39	2022	41	170	67	3
6857	2019-02-11 10:35:36	5704	49	248	91	2
6858	2018-10-08 01:42:56	564	73	203	81	5
6859	2019-11-07 10:57:53	7716	42	52	20	4
6860	2021-09-15 11:21:55	5947	9	264	93	2
6861	2023-02-27 14:12:13	9611	19	90	36	5
6862	2021-02-02 14:29:03	7716	42	162	59	3
6863	2020-08-12 06:23:51	1407	56	141	52	2
6864	2021-11-14 17:54:14	2867	66	147	58	4
6865	2022-10-11 19:16:03	3390	82	13	10	5
6866	2022-10-22 04:02:05	5100	88	154	54	4
6867	2021-01-26 22:16:51	8865	99	148	57	1
6868	2019-10-28 19:02:42	9683	87	167	66	3
6869	2022-04-07 15:56:56	3636	71	6	2	4
6870	2023-06-01 11:29:38	5384	35	154	55	4
6871	2021-08-16 23:45:33	1704	89	7	4	3
6872	2022-07-15 05:27:09	6412	23	5	5	2
6873	2023-05-16 22:57:54	2466	2	30	13	2
6874	2020-02-12 21:59:25	1385	60	167	66	2
6875	2023-01-26 12:13:51	2532	47	272	98	2
6876	2022-08-29 19:57:14	2644	1	266	99	5
6877	2020-01-17 10:37:43	2040	14	7	4	4
6878	2021-07-31 02:30:04	8684	26	156	63	5
6879	2022-01-17 17:09:29	6431	37	190	73	3
6880	2019-11-15 11:05:25	6412	23	5	5	4
6881	2019-06-01 16:03:30	9699	78	173	65	3
6882	2020-12-30 05:35:09	2416	83	7	4	3
6883	2022-02-06 05:29:45	6431	37	212	82	1
6884	2020-06-15 08:08:31	8108	22	167	66	3
6885	2019-11-20 07:34:01	9699	78	272	97	3
6886	2023-05-26 04:01:20	9234	38	32	14	1
6887	2022-05-10 10:49:35	3207	57	147	58	1
6888	2023-05-28 20:05:01	8312	13	160	60	3
6889	2020-02-14 21:59:42	3953	4	5	5	1
6890	2021-05-18 14:30:45	4375	55	236	88	2
6891	2022-11-29 08:51:38	8128	58	160	60	4
6892	2019-08-23 22:30:47	2310	20	30	13	2
6893	2022-10-19 05:36:58	8128	58	160	60	2
6894	2023-04-04 07:28:46	7295	53	115	47	2
6895	2019-07-15 08:15:23	1213	46	23	15	1
6896	2020-06-19 22:08:08	13	24	236	88	2
6897	2023-05-13 15:08:36	3207	57	213	85	1
6898	2022-11-26 02:56:18	8020	95	10	3	5
6899	2021-02-20 02:27:35	1385	60	46	21	1
6900	2021-05-20 16:43:17	6602	61	97	37	3
6901	2022-06-17 01:13:33	8865	99	214	83	4
6902	2020-12-02 06:04:05	1492	98	254	94	3
6903	2018-12-14 08:52:54	1407	56	53	22	5
6904	2018-07-25 05:16:21	9683	87	79	31	4
6905	2023-05-05 22:33:09	6431	37	25	16	4
6906	2022-10-13 01:25:04	2481	100	160	60	5
6907	2018-04-26 14:16:30	4090	74	236	88	2
6908	2019-09-07 03:16:12	6847	40	10	3	2
6909	2018-08-07 10:35:38	446	15	218	84	5
6910	2022-04-02 20:57:02	5991	17	6	2	5
6911	2020-07-15 14:19:42	2416	83	7	4	1
6912	2019-01-21 14:05:43	2034	10	34	17	3
6913	2021-10-16 21:11:04	6660	59	254	94	2
6914	2022-01-26 22:25:16	2644	1	46	21	3
6915	2022-11-19 03:18:57	1704	89	7	4	1
6916	2021-05-04 08:27:08	7403	65	154	54	5
6917	2023-01-12 03:09:34	9003	34	276	100	3
6918	2022-03-18 10:24:44	4423	32	6	2	5
6919	2023-02-07 23:51:23	6431	37	14	12	5
6920	2020-12-19 16:12:35	2532	47	261	92	3
6921	2018-12-17 03:48:03	1118	92	22	8	2
6922	2022-09-18 08:20:45	8865	99	148	57	4
6923	2022-08-02 08:38:49	7136	48	115	46	2
6924	2022-03-01 02:19:24	1481	94	164	61	4
6925	2020-07-07 09:05:45	7729	72	261	92	5
6926	2022-10-26 02:29:15	5704	49	160	60	4
6927	2020-01-30 20:59:26	5035	54	11	1	2
6928	2017-12-29 01:38:23	8128	58	248	91	5
6929	2023-02-25 22:54:57	5952	30	7	4	5
6930	2016-11-13 13:13:15	401	97	191	74	4
6931	2022-12-02 01:41:05	2022	41	214	83	1
6932	2019-03-31 00:27:32	6660	59	34	17	1
6933	2022-10-22 05:27:31	564	73	148	57	2
6934	2023-02-26 23:16:17	1914	77	235	89	4
6935	2022-03-27 05:12:35	2466	2	118	42	2
6936	2016-05-18 13:59:14	3070	39	218	84	2
6937	2022-02-10 22:58:49	9734	52	7	4	4
6938	2021-03-09 04:28:58	5991	17	105	41	4
6939	2023-03-29 09:04:32	4388	50	155	62	2
6940	2023-04-06 21:35:01	7630	81	156	64	5
6941	2019-08-30 17:10:11	528	33	248	91	2
6942	2020-02-27 12:57:19	3207	57	191	75	4
6943	2023-05-11 01:37:13	9611	19	167	66	2
6944	2022-10-25 20:14:18	6612	69	130	50	1
6945	2022-03-23 12:57:33	6024	96	7	4	1
6946	2022-10-06 06:09:31	564	73	5	5	3
6947	2020-09-14 04:55:59	3299	75	14	11	1
6948	2023-03-25 22:08:29	2481	100	6	2	1
6949	2023-05-25 09:35:58	9234	38	98	34	5
6950	2017-11-03 22:49:23	401	97	114	48	2
6951	2019-05-30 07:53:17	3207	57	235	89	3
6952	2022-11-20 18:06:10	4419	91	113	45	4
6953	2022-10-12 11:15:04	5952	30	205	80	3
6954	2018-11-18 14:19:47	6847	40	208	77	1
6955	2021-08-03 02:04:33	3862	29	105	41	3
6956	2020-08-20 12:10:01	3070	39	9	6	2
6957	2022-10-17 18:46:49	6647	67	256	95	4
6958	2021-01-18 16:23:10	6460	64	9	6	5
6959	2023-04-11 05:21:07	369	93	98	34	3
6960	2021-05-05 16:21:53	3390	82	156	63	3
6961	2022-01-19 11:10:09	4423	32	116	43	3
6962	2020-09-22 11:07:50	1704	89	7	4	3
6963	2023-05-21 01:55:08	9699	78	184	68	2
6964	2021-03-21 12:33:36	6602	61	262	96	2
6965	2020-03-23 20:16:41	5952	30	7	4	1
6966	2018-03-16 05:46:48	6660	59	34	17	1
6967	2021-06-24 17:47:03	3862	29	105	41	2
6968	2022-11-28 05:03:38	9699	78	19	7	1
6969	2023-02-03 22:27:35	7403	65	110	40	3
6970	2018-11-05 03:58:14	3323	7	115	46	5
6971	2023-04-19 15:46:09	446	15	97	37	2
6972	2023-03-27 05:11:37	8128	58	160	60	3
6973	2020-12-29 11:20:22	528	33	248	91	4
6974	2023-01-21 07:27:10	4959	70	148	57	5
6975	2022-01-17 15:24:34	2481	100	248	91	5
6976	2020-07-18 03:03:31	5343	90	151	53	2
6977	2021-08-19 07:46:04	2644	1	178	70	1
6978	2023-05-11 19:44:27	9234	38	98	34	5
6979	2022-11-23 05:02:35	4388	50	199	78	1
6980	2019-09-23 11:11:38	9699	78	261	92	5
6981	2022-08-01 12:10:56	7542	85	160	60	1
6982	2021-06-20 09:49:52	5343	90	118	42	2
6983	2018-01-14 03:59:12	3207	57	235	89	2
6984	2019-11-21 05:23:23	5991	17	61	24	5
6985	2022-03-01 02:53:40	6130	79	19	7	4
6986	2021-12-22 23:42:28	8108	22	156	64	5
6987	2020-03-08 19:51:39	401	97	59	27	4
6988	2018-05-26 16:27:10	1407	56	53	22	2
6989	2022-05-01 10:49:14	6847	40	208	77	3
6990	2023-05-29 20:53:08	8289	86	32	14	2
6991	2021-06-06 21:39:08	5952	30	7	4	3
6992	2020-10-22 09:54:17	1385	60	79	32	4
6993	2021-06-06 11:02:41	5991	17	248	91	1
6994	2022-12-05 17:35:34	4959	70	5	5	4
6995	2021-11-21 21:49:26	1213	46	34	17	4
6996	2023-05-22 15:56:54	8020	95	98	34	5
6997	2021-08-29 21:48:33	3636	71	61	24	1
6998	2021-07-10 00:53:43	478	62	7	4	4
6999	2023-03-27 17:58:56	564	73	148	57	3
7000	2019-05-05 20:08:16	8268	16	67	29	5
7001	2020-09-29 01:07:26	1704	89	7	4	2
7002	2023-04-23 08:38:35	2416	83	7	4	3
7003	2023-05-20 13:23:22	619	76	205	80	4
7004	2022-02-23 17:58:34	8020	95	164	61	5
7005	2020-09-01 03:29:43	3323	7	148	57	3
7006	2021-10-04 23:53:46	6130	79	19	7	5
7007	2023-03-03 03:35:00	3323	7	5	5	4
7008	2021-12-03 02:33:29	5100	88	110	38	1
7009	2023-01-31 10:14:16	13	24	115	47	2
7010	2023-03-29 17:51:45	5100	88	110	40	2
7011	2022-12-19 09:01:42	5100	88	110	40	3
7012	2022-06-29 05:07:20	6660	59	254	94	3
7013	2023-03-29 00:16:59	6660	59	56	25	1
7014	2023-03-18 04:44:46	7812	5	248	91	1
7015	2022-08-22 10:01:42	3299	75	256	95	5
7016	2023-06-05 19:53:38	9234	38	32	14	2
7017	2023-03-31 21:31:44	4419	91	256	95	5
7018	2021-08-20 09:13:26	8268	16	188	72	5
7019	2021-12-27 12:49:02	2532	47	30	13	2
7020	2020-04-13 00:22:18	2034	10	23	15	5
7021	2023-02-27 22:49:21	1266	63	208	77	3
7022	2019-02-22 01:50:09	675	21	66	23	3
7023	2022-03-19 09:18:47	8684	26	156	64	1
7024	2022-12-18 08:18:00	6024	96	7	4	1
7025	2017-09-20 13:33:50	9266	36	261	92	2
7026	2021-01-12 05:42:46	4328	43	11	1	4
7027	2022-05-30 11:48:09	2947	12	7	4	3
7028	2020-05-13 12:08:58	1529	28	110	38	2
7029	2016-05-11 06:23:41	3299	75	14	11	2
7030	2022-07-23 03:04:24	4622	8	6	2	1
7031	2022-09-27 14:49:22	8289	86	164	61	4
7032	2020-05-02 21:41:23	1529	28	88	30	1
7033	2018-11-29 06:09:49	3390	82	46	21	1
7034	2022-04-20 09:21:04	6460	64	130	50	1
7035	2021-08-04 04:01:14	3862	29	105	41	2
7036	2022-09-16 18:18:41	2034	10	155	62	4
7037	2022-11-28 10:14:25	7651	44	205	80	5
7038	2022-05-13 03:33:56	9779	6	167	66	3
7039	2020-06-09 06:02:16	2867	66	191	75	1
7040	2023-02-27 22:09:33	6130	79	151	53	5
7041	2022-07-11 23:19:33	8312	13	116	43	4
7042	2021-08-18 08:53:41	6660	59	67	29	5
7043	2021-05-24 19:11:07	6130	79	184	68	1
7044	2016-05-15 22:17:44	6612	69	141	52	3
7045	2021-01-22 13:37:39	3390	82	178	70	5
7046	2023-04-26 07:29:56	8312	13	116	43	1
7047	2023-01-21 06:13:26	2040	14	205	80	5
7048	2019-10-30 16:04:41	6130	79	261	92	2
7049	2023-04-16 06:43:32	9266	36	118	42	3
7050	2022-10-15 03:59:53	8770	18	205	80	3
7051	2015-12-24 12:41:19	1407	56	53	22	4
7052	2018-05-31 02:15:26	3953	4	115	46	3
7053	2022-07-17 15:23:43	4959	70	214	83	1
7054	2022-04-16 13:46:24	4423	32	6	2	2
7055	2022-07-24 08:22:27	9699	78	261	92	2
7056	2022-02-14 20:15:08	1213	46	89	35	4
7057	2022-10-05 12:40:29	7136	48	203	81	1
7058	2021-01-19 15:25:45	2022	41	115	46	4
7059	2021-09-07 02:31:08	1492	98	276	100	4
7060	2022-04-18 23:16:22	6602	61	130	50	5
7061	2019-04-23 15:00:14	3207	57	191	74	1
7062	2022-09-07 06:17:23	4328	43	110	40	3
7063	2020-05-31 08:27:06	2947	12	7	4	3
7064	2018-07-08 00:26:34	1385	60	79	31	3
7065	2019-06-17 15:59:12	5384	35	110	38	3
7066	2023-01-12 22:15:13	446	15	141	52	1
7067	2022-08-21 04:08:53	8108	22	178	70	3
7068	2021-05-15 18:09:38	1529	28	154	54	2
7069	2021-11-17 11:48:16	3070	39	9	6	1
7070	2019-05-01 16:43:34	9266	36	30	13	1
7071	2020-11-22 10:42:56	5384	35	22	8	2
7072	2022-02-01 03:35:54	2034	10	111	44	4
7073	2022-10-11 02:36:54	1407	56	262	96	3
7074	2021-08-28 14:55:05	7630	81	156	63	2
7075	2022-10-16 08:32:01	7729	72	173	65	2
7076	2021-10-15 02:37:30	237	80	208	77	1
7077	2019-12-12 08:35:31	237	80	208	77	1
7078	2021-01-05 11:34:45	9734	52	7	4	2
7079	2023-03-06 21:58:43	4959	70	115	47	1
7080	2020-09-18 10:44:34	401	97	191	75	3
7081	2019-01-22 08:17:59	4328	43	22	8	4
7082	2022-10-16 12:02:47	7542	85	6	2	5
7083	2020-11-01 10:32:43	8128	58	105	41	1
7084	2023-01-01 18:26:58	564	73	5	5	2
7085	2023-05-28 15:42:08	1914	77	213	85	4
7086	2023-05-19 03:31:57	7295	53	115	47	2
7087	2023-05-23 08:59:01	2644	1	156	64	1
7088	2023-02-16 22:57:53	7716	42	272	98	4
7089	2020-07-27 22:02:37	2947	12	7	4	2
7090	2019-12-09 02:31:54	2532	47	162	59	4
7091	2023-06-02 22:23:09	1481	94	32	14	2
7092	2022-04-15 20:58:52	1118	92	110	39	1
7093	2021-09-24 17:12:28	9266	36	162	59	3
7094	2019-06-04 08:02:28	2570	45	200	79	1
7095	2022-06-21 00:00:51	2034	10	23	15	5
7096	2021-04-03 15:24:12	1914	77	191	75	1
7097	2022-03-25 09:25:08	7542	85	6	2	1
7098	2022-11-23 21:59:31	3390	82	200	79	1
7099	2018-02-10 05:21:11	4328	43	66	23	2
7100	2019-11-27 05:21:48	8128	58	105	41	2
7101	2019-10-02 15:59:20	1213	46	34	17	4
7102	2020-07-26 02:44:18	1118	92	110	38	3
7103	2021-08-12 12:05:50	2034	10	89	35	2
7104	2021-08-14 04:11:56	5991	17	105	41	1
7105	2022-06-15 17:33:40	7136	48	214	83	5
7106	2021-09-09 18:03:31	6612	69	53	22	3
7107	2019-09-09 08:59:21	9266	36	162	59	1
7108	2022-01-01 21:54:07	7136	48	214	83	1
7109	2020-04-01 15:07:33	2867	66	59	27	1
7110	2019-09-22 19:08:16	7716	42	173	65	4
7111	2022-09-29 16:43:41	1492	98	276	100	5
7112	2022-04-20 02:00:23	5035	54	110	39	3
7113	2022-01-24 10:10:18	5991	17	116	43	4
7114	2022-03-13 04:28:25	8268	16	34	17	5
7115	2023-04-28 13:59:45	1493	84	115	47	5
7116	2019-03-10 03:10:38	3390	82	13	9	3
7117	2022-11-15 20:17:31	4622	8	160	60	1
7118	2023-04-10 13:15:00	369	93	98	34	4
7119	2020-12-14 17:38:46	8865	99	236	88	2
7120	2022-10-02 20:35:39	2481	100	6	2	3
7121	2023-05-31 04:36:39	9779	6	266	99	5
7122	2022-10-09 16:49:00	9734	52	205	80	2
7123	2023-05-06 01:43:55	9734	52	205	80	5
7124	2023-04-10 18:32:57	1481	94	98	34	1
7125	2022-01-01 06:47:25	3070	39	97	37	3
7126	2021-03-14 19:20:40	1739	51	114	48	4
7127	2016-12-31 12:33:52	401	97	114	48	3
7128	2023-02-19 15:45:04	5384	35	264	93	5
7129	2023-05-24 21:10:12	6412	23	214	83	5
7130	2023-04-24 07:25:27	619	76	7	4	4
7131	2023-04-25 13:54:47	2867	66	59	28	4
7132	2022-10-03 12:41:59	9234	38	164	61	2
7133	2023-04-20 15:17:37	675	21	110	40	3
7134	2023-02-28 11:10:15	9026	27	10	3	1
7135	2018-08-12 04:16:38	6460	64	218	84	3
7136	2020-08-23 12:07:17	9611	19	46	21	1
7137	2021-12-30 14:47:29	2867	66	59	27	3
7138	2019-07-21 18:14:30	2681	68	115	46	5
7139	2022-09-15 13:12:57	3323	7	214	83	3
7140	2022-10-03 01:46:25	4423	32	160	60	1
7141	2021-09-20 05:05:23	8108	22	13	9	1
7142	2023-04-11 03:26:04	1493	84	170	67	2
7143	2018-01-14 18:19:06	8865	99	203	81	5
7144	2022-09-25 07:09:21	8020	95	164	61	3
7145	2023-03-18 16:29:09	4328	43	110	40	5
7146	2023-05-18 12:51:03	6847	40	98	34	4
7147	2022-02-02 16:46:57	1118	92	110	38	4
7148	2021-08-23 04:20:54	3323	7	214	83	3
7149	2020-05-01 07:40:55	4375	55	5	5	5
7150	2023-03-13 03:33:17	1385	60	266	99	1
7151	2021-05-26 10:55:54	1914	77	59	27	1
7152	2022-08-20 02:23:41	7542	85	6	2	1
7153	2023-05-20 00:37:46	6647	67	256	95	5
7154	2021-07-04 05:55:11	1213	46	199	78	1
7155	2023-04-25 12:53:18	3207	57	59	28	1
7156	2020-01-31 13:41:36	7403	65	264	93	1
7157	2021-11-27 08:33:52	6660	59	67	29	3
7158	2021-12-31 01:50:16	5991	17	116	43	5
7159	2020-12-02 23:16:19	1704	89	7	4	1
7160	2021-09-12 22:35:34	2947	12	7	4	2
7161	2017-12-03 02:46:15	9699	78	52	20	4
7162	2021-08-07 14:43:56	619	76	7	4	4
7163	2021-09-25 12:25:40	2034	10	67	29	4
7164	2020-02-10 09:18:42	2176	11	7	4	4
7165	2018-07-16 09:18:17	13	24	203	81	2
7166	2020-04-05 10:40:05	1385	60	13	9	5
7167	2022-01-06 07:08:57	9611	19	46	21	3
7168	2021-10-10 13:28:53	3636	71	116	43	3
7169	2022-09-10 01:57:38	9699	78	118	42	3
7170	2019-07-01 22:01:41	7630	81	178	69	5
7171	2020-04-14 16:28:58	3207	57	59	27	5
7172	2020-05-12 04:16:46	2176	11	7	4	4
7173	2022-07-09 18:35:37	9683	87	57	26	1
7174	2022-10-23 11:25:08	6660	59	56	25	5
7175	2023-04-01 03:19:30	564	73	170	67	4
7176	2023-04-13 04:47:43	13	24	115	47	4
7177	2020-01-12 05:35:12	9026	27	10	3	2
7178	2023-01-28 12:46:44	1529	28	99	33	3
7179	2021-04-15 07:35:37	3862	29	105	41	3
7180	2017-07-15 00:18:42	2075	31	115	46	3
7181	2023-04-15 19:10:59	8865	99	170	67	4
7182	2019-07-02 06:09:46	4328	43	11	1	1
7183	2022-11-27 11:46:55	564	73	5	5	2
7184	2023-05-27 03:03:11	1481	94	32	14	5
7185	2023-05-29 14:59:54	8289	86	32	14	1
7186	2022-07-29 15:52:02	8865	99	115	46	2
7187	2022-08-17 22:35:59	2570	45	90	36	1
7188	2023-04-20 02:07:51	3236	3	115	47	4
7189	2018-11-28 16:00:13	4375	55	236	88	2
7190	2023-02-17 12:48:56	9266	36	118	42	1
7191	2021-12-19 21:12:22	619	76	7	4	3
7192	2021-07-09 03:20:33	8108	22	46	21	1
7193	2023-02-20 05:20:52	6660	59	67	29	1
7194	2020-06-12 18:39:19	6602	61	9	6	2
7195	2020-08-09 19:22:42	3236	3	203	81	3
7196	2019-04-29 16:14:28	5100	88	88	30	2
7197	2022-04-04 12:16:57	3070	39	53	22	5
7198	2023-01-06 14:13:30	1529	28	88	30	1
7199	2020-04-06 08:24:08	6847	40	208	77	5
7200	2023-03-06 03:15:51	6130	79	52	20	1
7201	2020-03-28 00:38:58	1385	60	57	26	2
7202	2023-05-30 12:33:14	2867	66	213	85	3
7203	2023-02-28 21:33:24	3070	39	97	37	3
7204	2022-12-08 17:15:43	7403	65	110	40	2
7205	2021-11-28 03:58:36	4622	8	105	41	3
7206	2023-03-19 22:00:43	9683	87	90	36	4
7207	2021-01-12 17:12:24	5704	49	105	41	5
7208	2020-03-11 05:23:22	2867	66	114	48	5
7209	2019-11-02 04:06:38	6602	61	141	52	1
7210	2023-01-12 16:38:03	2040	14	205	80	2
7211	2019-07-31 17:46:07	3390	82	178	69	5
7212	2023-02-07 05:26:50	1739	51	59	28	1
7213	2021-08-17 12:09:06	6460	64	130	50	3
7214	2022-10-21 15:58:38	9266	36	118	42	5
7215	2023-03-17 02:38:32	6024	96	7	4	2
7216	2020-12-05 03:31:28	2040	14	7	4	4
7217	2022-08-01 07:38:06	3299	75	14	11	1
7218	2021-06-24 09:58:06	7630	81	156	63	2
7219	2021-11-25 19:00:15	1492	98	188	72	1
7220	2018-09-27 13:45:06	2681	68	203	81	1
7221	2023-04-02 17:10:32	3236	3	170	67	5
7222	2022-02-03 21:33:53	3236	3	148	57	5
7223	2023-01-13 19:46:09	3862	29	116	43	4
7224	2016-11-21 08:57:39	7729	72	30	13	1
7225	2020-01-26 18:46:02	2310	20	261	92	4
7226	2023-02-10 16:11:56	1213	46	56	25	5
7227	2022-10-02 23:51:21	1385	60	167	66	4
7228	2022-05-16 10:01:35	2532	47	19	7	2
7229	2023-01-31 16:33:55	1493	84	115	47	1
7230	2023-02-09 02:01:23	2075	31	203	81	4
7231	2023-02-18 19:00:47	9266	36	19	7	3
7232	2021-04-21 21:43:00	528	33	105	41	4
7233	2020-04-18 10:11:47	1407	56	218	84	5
7234	2021-06-10 08:24:29	401	97	235	89	2
7235	2020-04-25 23:18:28	564	73	5	5	2
7236	2019-02-15 09:57:05	4423	32	61	24	1
7237	2021-07-21 05:54:14	3636	71	61	24	1
7238	2019-12-14 11:15:23	8684	26	46	21	4
7239	2019-08-31 04:44:18	7295	53	148	57	2
7240	2022-07-13 08:46:04	3299	75	113	45	2
7241	2021-09-03 00:45:51	2681	68	214	83	1
7242	2022-03-11 10:00:20	5991	17	116	43	2
7243	2021-10-23 04:59:52	5704	49	105	41	3
7244	2022-02-03 15:12:39	7812	5	105	41	3
7245	2021-10-23 07:44:38	5384	35	99	33	4
7246	2020-05-04 00:45:35	3299	75	223	86	4
7247	2021-04-27 21:45:17	5952	30	7	4	4
7248	2023-05-24 04:19:55	5991	17	6	2	3
7249	2023-06-02 07:08:02	1493	84	170	67	4
7250	2022-08-22 10:53:37	2481	100	160	60	2
7251	2023-01-07 20:19:30	8108	22	167	66	2
7252	2023-01-08 11:14:47	5035	54	11	1	5
7253	2016-11-03 15:41:08	1492	98	188	71	5
7254	2020-07-27 04:22:11	2416	83	7	4	1
7255	2023-05-10 00:29:34	3862	29	160	60	5
7256	2019-12-26 08:59:00	4622	8	248	91	2
7257	2020-08-26 14:11:58	4328	43	110	38	5
7258	2018-12-16 09:14:19	6660	59	188	72	5
7259	2023-05-04 07:27:36	3636	71	116	43	3
7260	2022-03-25 20:01:23	8108	22	156	64	2
7261	2020-04-01 09:30:56	9003	34	199	78	3
7262	2022-12-25 22:02:52	8770	18	205	80	2
7263	2022-01-24 13:46:22	3636	71	105	41	2
7264	2019-05-28 12:51:27	5704	49	248	91	4
7265	2023-04-18 07:26:47	1118	92	99	33	1
7266	2023-06-04 13:13:11	2075	31	170	67	5
7267	2019-08-16 07:52:31	7716	42	151	53	3
7268	2017-07-15 23:23:17	1914	77	191	74	1
7269	2022-03-20 07:09:07	5704	49	6	2	2
7270	2019-08-28 21:22:26	446	15	9	6	1
7271	2021-10-29 16:19:21	1213	46	89	35	3
7272	2023-05-23 15:49:50	5343	90	19	7	1
7273	2023-04-30 18:55:03	9734	52	7	4	3
7274	2020-09-24 00:29:38	5704	49	248	91	3
7275	2022-10-08 09:42:36	3636	71	116	43	3
7276	2022-11-23 11:40:14	6612	69	97	37	5
7277	2023-06-04 06:19:08	8865	99	170	67	2
7278	2020-10-16 18:33:43	5947	9	209	76	2
7279	2022-06-21 00:32:25	4090	74	115	46	1
7280	2022-09-10 04:16:36	2681	68	148	57	2
7281	2022-06-20 22:06:39	1739	51	59	27	3
7282	2020-08-01 21:17:52	4959	70	5	5	1
7283	2020-07-11 10:03:47	1739	51	191	75	3
7284	2018-07-05 04:15:14	4388	50	67	29	4
7285	2023-05-24 00:52:44	9026	27	98	34	4
7286	2022-02-22 20:04:26	6130	79	118	42	1
7287	2018-07-06 17:09:54	8128	58	248	91	3
7288	2021-12-29 10:49:00	7295	53	203	81	4
7289	2022-08-19 05:50:20	2040	14	205	80	4
7290	2022-11-11 22:27:07	3070	39	97	37	4
7291	2022-12-21 00:45:05	1704	89	7	4	5
7292	2022-09-17 10:06:47	8312	13	105	41	3
7293	2023-02-20 06:56:30	4622	8	160	60	3
7294	2022-07-28 19:03:06	6660	59	89	35	2
7295	2021-08-23 21:48:00	6412	23	5	5	2
7296	2018-09-22 18:51:41	1213	46	188	71	1
7297	2016-05-24 15:17:52	6130	79	52	19	5
7298	2022-04-14 15:42:47	7403	65	110	39	4
7299	2022-07-11 02:43:43	6612	69	9	6	5
7300	2019-07-15 18:29:37	2644	1	46	21	5
7301	2023-03-11 12:30:58	5952	30	7	4	5
7302	2023-06-01 09:31:39	237	80	98	34	5
7303	2022-08-08 00:26:45	3862	29	105	41	2
7304	2023-06-05 06:03:44	8128	58	160	60	5
7305	2021-07-22 21:37:25	8108	22	156	63	2
7306	2022-01-29 11:09:22	5035	54	154	54	5
7307	2023-04-27 20:43:41	3236	3	170	67	5
7308	2018-05-03 13:43:30	8684	26	79	31	3
7309	2020-04-29 20:00:07	1529	28	88	30	4
7310	2017-05-02 06:23:14	8684	26	13	9	4
7311	2019-07-05 11:32:30	3323	7	148	57	4
7312	2021-01-27 21:31:06	7716	42	184	68	3
7313	2022-05-30 12:51:07	8770	18	7	4	3
7314	2022-08-26 13:47:00	4423	32	6	2	4
7315	2023-02-15 23:19:01	1914	77	59	28	4
7316	2022-07-05 02:47:24	3390	82	178	70	3
7317	2018-02-27 12:58:40	7729	72	151	53	4
7318	2023-06-02 21:27:53	4959	70	170	67	3
7319	2020-04-26 16:31:34	8312	13	248	91	4
7320	2023-05-08 23:57:01	675	21	154	55	3
7321	2022-02-11 17:18:28	7651	44	7	4	5
7322	2023-05-26 02:26:39	5991	17	116	43	2
7323	2023-06-03 12:44:45	5704	49	105	41	2
7324	2017-06-22 05:42:20	5384	35	22	8	5
7325	2021-06-24 00:42:09	369	93	10	3	5
7326	2021-01-22 00:14:29	2570	45	167	66	2
7327	2021-01-05 12:51:56	1492	98	188	72	4
7328	2022-03-05 23:59:15	7295	53	203	81	2
7329	2022-05-08 13:03:24	5100	88	110	39	2
7330	2023-03-20 03:52:14	6612	69	218	84	3
7331	2022-02-06 14:28:14	9779	6	167	66	1
7332	2020-07-13 22:04:51	8128	58	61	24	1
7333	2022-02-20 09:13:00	8108	22	90	36	2
7334	2020-10-24 22:46:21	675	21	88	30	3
7335	2019-05-28 05:36:52	1385	60	167	66	3
7336	2022-10-03 11:43:45	2416	83	205	80	5
7337	2023-02-08 06:24:54	4375	55	203	81	1
7338	2022-11-30 00:26:53	3207	57	147	58	3
7339	2023-03-09 14:21:21	2947	12	205	80	4
7340	2022-12-10 21:58:29	8289	86	164	61	3
7341	2020-01-05 12:49:21	528	33	105	41	1
7342	2020-04-07 16:18:43	3323	7	5	5	3
7343	2021-07-05 12:10:14	7651	44	7	4	4
7344	2022-02-26 08:25:31	9234	38	164	61	4
7345	2021-10-19 01:10:21	9266	36	118	42	5
7346	2020-10-08 13:25:44	6660	59	155	62	3
7347	2020-10-22 03:18:16	1492	98	254	94	4
7348	2023-05-30 01:17:59	1481	94	32	14	5
7349	2018-12-06 07:52:34	2310	20	261	92	3
7350	2019-07-23 13:08:48	8684	26	178	69	3
7351	2022-06-08 19:07:12	3207	57	147	58	4
7352	2023-01-11 11:42:37	1704	89	205	80	4
7353	2023-04-29 18:31:40	1868	25	9	6	4
7354	2020-10-13 07:50:00	2034	10	155	62	4
7355	2021-06-08 00:05:51	7295	53	236	88	5
7356	2023-03-31 17:51:46	401	97	59	28	5
7357	2022-03-25 03:33:51	5100	88	11	1	4
7358	2017-06-26 07:26:12	13	24	115	46	2
7359	2023-06-01 05:42:51	8289	86	32	14	5
7360	2020-04-27 07:52:36	3299	75	146	56	4
7361	2019-02-18 11:01:38	9266	36	173	65	5
7362	2023-04-25 08:24:57	7295	53	170	67	3
7363	2023-01-26 01:33:38	2040	14	205	80	1
7364	2023-05-10 00:01:43	4375	55	170	67	4
7365	2020-03-07 00:27:33	7716	42	173	65	2
7366	2023-01-13 18:40:00	2947	12	7	4	4
7367	2020-12-16 23:56:37	6847	40	10	3	4
7368	2018-08-29 06:23:31	2075	31	203	81	5
7369	2018-05-22 16:38:04	5947	9	66	23	1
7370	2022-12-10 00:50:05	1385	60	178	70	3
7371	2022-03-16 19:54:48	1407	56	53	22	4
7372	2021-02-11 05:47:37	9611	19	156	63	2
7373	2021-09-06 22:04:07	7812	5	116	43	5
7374	2022-09-02 05:43:09	2644	1	266	99	1
7375	2023-05-12 20:24:59	4419	91	212	82	3
7376	2022-01-23 09:05:18	1407	56	97	37	5
7377	2022-05-15 01:37:57	8312	13	116	43	1
7378	2023-05-30 10:36:07	6460	64	130	50	5
7379	2023-02-22 07:29:59	2176	11	205	80	2
7380	2020-08-02 11:05:21	7630	81	46	21	5
7381	2019-05-30 02:52:57	1739	51	235	89	3
7382	2023-01-23 06:25:34	6612	69	97	37	1
7383	2023-04-25 06:45:23	7403	65	154	55	4
7384	2022-11-09 12:50:25	237	80	10	3	3
7385	2022-09-12 20:40:50	9026	27	10	3	2
7386	2023-05-15 09:09:55	7403	65	66	23	2
7387	2023-05-13 03:25:02	6647	67	14	12	1
7388	2022-05-22 06:57:34	6602	61	9	6	1
7389	2023-04-15 22:13:20	4622	8	160	60	1
7390	2023-03-17 02:51:18	5952	30	205	80	1
7391	2016-11-22 19:11:24	2570	45	13	9	3
7392	2023-04-27 16:35:19	7812	5	160	60	2
7393	2019-01-02 09:24:03	6130	79	151	53	3
7394	2023-03-26 20:27:34	2176	11	205	80	1
7395	2020-05-25 18:52:47	9611	19	13	9	2
7396	2020-02-24 22:46:20	675	21	99	33	1
7397	2023-01-09 22:55:31	6024	96	205	80	5
7398	2023-04-23 00:22:07	7403	65	110	40	4
7399	2023-01-18 10:46:29	1492	98	254	94	5
7400	2022-10-30 21:04:38	1213	46	254	94	5
7401	2022-08-24 07:40:34	675	21	11	1	2
7402	2020-12-11 22:11:13	8268	16	67	29	4
7403	2022-09-11 11:18:24	3207	57	59	28	2
7404	2015-10-20 13:15:00	6602	61	53	22	3
7405	2022-04-11 19:31:24	7403	65	110	39	5
7406	2021-02-18 11:34:38	2034	10	188	72	2
7407	2020-05-06 10:42:36	6602	61	53	22	2
7408	2022-10-30 20:15:07	619	76	205	80	2
7409	2023-04-28 23:54:55	6130	79	118	42	5
7410	2023-02-19 07:22:22	8312	13	116	43	5
7411	2019-05-31 03:08:04	6431	37	36	18	5
7412	2019-11-02 16:06:10	1529	28	11	1	2
7413	2023-04-19 03:15:19	2681	68	170	67	1
7414	2023-04-08 17:37:04	8865	99	170	67	1
7415	2020-08-05 07:35:57	6024	96	7	4	3
7416	2023-02-23 16:44:54	8312	13	116	43	1
7417	2022-08-20 16:59:23	1213	46	56	25	4
7418	2022-02-03 01:29:50	8020	95	164	61	2
7419	2022-07-08 22:38:31	8865	99	236	88	3
7420	2019-02-10 14:34:44	6660	59	67	29	3
7421	2023-04-24 00:29:46	6847	40	98	34	3
7422	2018-10-04 19:18:34	4328	43	22	8	2
7423	2022-04-02 01:50:28	7403	65	66	23	2
7424	2020-12-07 13:18:58	2644	1	13	9	2
7425	2022-01-11 22:30:00	6431	37	190	73	2
7426	2022-11-17 04:03:40	8684	26	266	99	3
7427	2022-11-18 02:04:05	528	33	6	2	1
7428	2022-08-23 03:44:13	2570	45	266	99	1
7429	2023-06-04 05:02:52	4419	91	190	73	3
7430	2022-08-31 09:29:52	3862	29	248	91	4
7431	2019-02-07 18:03:55	6460	64	218	84	3
7432	2021-06-24 18:57:24	8770	18	7	4	2
7433	2022-08-13 00:24:47	1407	56	218	84	4
7434	2021-04-27 01:55:38	5952	30	7	4	4
7435	2021-05-14 19:49:17	4090	74	115	46	2
7436	2021-05-11 06:39:26	3390	82	156	63	2
7437	2020-03-18 22:53:29	5343	90	151	53	1
7438	2020-09-30 18:31:57	2466	2	162	59	4
7439	2023-03-18 18:23:54	4375	55	115	47	1
7440	2017-10-11 17:07:05	9003	34	188	71	5
7441	2023-03-04 23:37:20	3862	29	6	2	3
7442	2023-05-12 07:22:23	8020	95	98	34	2
7443	2022-02-16 08:40:12	6130	79	162	59	2
7444	2016-08-26 10:44:12	5704	49	248	91	3
7445	2022-04-28 04:39:56	8128	58	6	2	4
7446	2020-05-11 12:19:09	8108	22	13	9	5
7447	2020-12-07 19:10:08	3953	4	5	5	4
7448	2023-05-28 05:16:07	6847	40	32	14	1
7449	2019-07-10 08:29:16	3636	71	248	91	2
7450	2020-10-16 16:24:32	8268	16	111	44	2
7451	2021-06-14 04:50:59	2644	1	178	70	3
7452	2022-03-24 23:39:21	3636	71	116	43	5
7453	2022-11-28 04:48:12	8865	99	203	81	4
7454	2023-02-24 20:58:58	1213	46	56	25	4
7455	2021-11-30 11:25:19	3207	57	59	27	1
7456	2022-10-28 06:07:15	2040	14	205	80	5
7457	2022-01-12 10:19:57	9779	6	90	36	1
7458	2022-03-07 04:12:31	3390	82	156	64	1
7459	2021-06-18 15:00:56	6612	69	97	37	1
7460	2021-06-23 00:34:31	5704	49	105	41	4
7461	2021-09-28 12:57:56	7630	81	156	63	1
7462	2019-03-09 02:17:54	9003	34	111	44	3
7463	2023-05-06 09:37:43	8770	18	205	80	5
7464	2018-08-21 16:58:36	9683	87	79	31	3
7465	2023-03-20 20:55:02	5384	35	253	90	4
7466	2021-09-28 00:42:16	6460	64	97	37	5
7467	2021-10-07 16:12:19	7651	44	7	4	1
7468	2020-02-09 01:39:17	8684	26	178	70	2
7469	2020-11-02 00:48:33	5952	30	7	4	2
7470	2019-11-03 22:02:50	6431	37	146	56	4
7471	2022-04-02 08:11:09	1118	92	22	8	1
7472	2019-06-11 23:50:15	237	80	10	3	1
7473	2021-06-19 01:11:45	6602	61	9	6	3
7474	2020-05-17 20:17:34	4388	50	155	62	1
7475	2023-05-01 22:23:24	8312	13	6	2	4
7476	2023-01-10 10:25:30	2040	14	205	80	5
7477	2020-08-28 11:23:22	4419	91	146	56	4
7478	2019-08-21 11:42:28	1914	77	114	48	5
7479	2021-02-22 23:47:44	675	21	66	23	2
7480	2022-04-19 18:28:48	6602	61	262	96	2
7481	2020-12-26 09:11:46	2176	11	7	4	5
7482	2018-04-05 23:29:36	8108	22	13	9	1
7483	2023-01-29 23:37:39	8865	99	115	47	4
7484	2023-05-26 07:37:59	8020	95	32	14	5
7485	2023-06-05 05:31:18	8020	95	32	14	5
7486	2019-02-03 18:08:40	401	97	235	89	3
7487	2020-03-21 15:29:40	8108	22	167	66	4
7488	2021-11-07 21:02:04	8108	22	79	32	2
7489	2022-03-01 20:47:22	1739	51	191	75	2
7490	2022-12-11 03:26:28	4622	8	6	2	3
7491	2023-04-13 04:14:37	9734	52	7	4	3
7492	2023-05-31 02:24:57	1481	94	98	34	2
7493	2022-08-22 03:53:57	2176	11	205	80	4
7494	2021-01-18 04:24:55	369	93	208	77	1
7495	2018-04-13 00:52:10	9683	87	79	31	4
7496	2018-12-11 07:50:04	5100	88	110	38	1
7497	2021-12-01 08:16:55	528	33	116	43	4
7498	2022-10-16 07:58:12	2176	11	7	4	1
7499	2019-02-03 21:32:14	5100	88	88	30	4
7500	2022-09-16 03:46:37	2416	83	7	4	4
7501	2023-01-03 10:51:12	4423	32	6	2	4
7502	2022-05-05 00:59:49	401	97	235	89	5
7503	2021-08-08 02:56:52	6602	61	53	22	2
7504	2021-05-30 13:28:15	6130	79	118	42	2
7505	2018-09-02 22:55:23	8268	16	67	29	3
7506	2019-05-28 05:52:21	1213	46	188	72	4
7507	2023-05-27 07:28:28	6847	40	98	34	4
7508	2017-02-02 02:03:28	1739	51	114	48	4
7509	2023-04-16 07:26:32	7136	48	170	67	2
7510	2019-02-19 06:51:45	3636	71	248	91	2
7511	2018-06-22 00:25:58	2310	20	151	53	5
7512	2018-12-13 11:03:57	4090	74	236	88	4
7513	2023-05-08 14:37:28	3236	3	236	88	5
7514	2020-03-08 00:05:35	8312	13	105	41	1
7515	2019-10-12 06:26:38	13	24	5	5	1
7516	2022-11-07 00:34:54	4388	50	56	25	4
7517	2021-11-08 03:54:37	4959	70	148	57	2
7518	2016-11-04 02:55:55	5100	88	66	23	5
7519	2023-05-29 15:52:42	9026	27	32	14	1
7520	2020-06-14 12:22:22	6647	67	36	18	5
7521	2022-01-27 17:59:05	6130	79	129	49	5
7522	2020-05-18 13:49:06	2075	31	5	5	4
7523	2023-05-27 13:44:53	8020	95	32	14	3
7524	2022-09-29 23:54:24	2867	66	147	58	1
7525	2017-10-28 02:16:55	2310	20	52	19	2
7526	2023-02-11 17:15:36	4423	32	61	24	4
7527	2023-05-20 03:59:02	9734	52	205	80	1
7528	2023-03-13 21:21:55	6847	40	208	77	3
7529	2022-08-19 08:29:14	2040	14	205	80	2
7530	2021-05-26 07:58:55	2034	10	276	100	2
7531	2022-12-04 07:15:45	8865	99	115	46	2
7532	2023-04-18 23:17:30	4622	8	6	2	2
7533	2021-06-09 19:02:11	2075	31	214	83	5
7534	2021-11-04 09:51:42	1868	25	141	52	3
7535	2022-03-31 00:35:12	4959	70	214	83	2
7536	2022-12-23 05:44:19	7136	48	115	47	1
7537	2022-08-03 17:08:03	5035	54	110	40	5
7538	2022-03-26 07:15:32	2947	12	7	4	4
7539	2022-03-14 16:34:27	1266	63	164	61	2
7540	2021-05-08 09:42:53	1492	98	67	29	2
7541	2022-11-29 07:16:20	9683	87	13	10	1
7542	2023-02-06 08:42:48	7542	85	160	60	5
7543	2022-05-11 01:55:19	9234	38	10	3	5
7544	2023-04-28 10:35:40	3390	82	13	10	2
7545	2020-11-14 12:55:30	1492	98	199	78	3
7546	2023-04-05 09:04:10	2416	83	205	80	3
7547	2023-03-27 14:41:48	6602	61	262	96	4
7548	2021-12-08 10:29:04	5343	90	118	42	1
7549	2021-03-23 22:32:23	2532	47	184	68	2
7550	2022-12-26 22:54:32	5100	88	253	90	5
7551	2020-11-22 09:36:09	3390	82	167	66	1
7552	2020-04-27 15:50:30	7542	85	105	41	2
7553	2023-05-31 03:11:20	6647	67	25	16	4
7554	2023-01-27 13:43:02	8289	86	208	77	1
7555	2019-05-16 13:59:54	7295	53	148	57	1
7556	2018-12-22 22:34:46	2034	10	67	29	3
7557	2023-02-18 19:54:44	7136	48	214	83	4
7558	2023-05-30 08:53:23	3636	71	160	60	1
7559	2022-06-10 20:35:29	8865	99	214	83	1
7560	2022-04-20 10:03:11	5384	35	110	39	5
7561	2023-01-07 12:51:12	1868	25	130	50	3
7562	2022-05-03 02:48:39	9611	19	167	66	5
7563	2020-10-29 02:06:31	1868	25	218	84	4
7564	2019-04-17 17:57:00	4622	8	248	91	2
7565	2023-01-14 11:46:47	4375	55	214	83	4
7566	2022-09-03 08:48:51	4622	8	116	43	1
7567	2017-06-19 06:06:55	8268	16	188	71	4
7568	2023-02-12 14:54:33	619	76	205	80	2
7569	2021-12-12 03:05:02	3236	3	5	5	4
7570	2022-06-13 20:45:50	7716	42	19	7	2
7571	2021-03-20 23:15:40	6602	61	218	84	5
7572	2022-10-29 01:55:57	8770	18	205	80	2
7573	2019-06-02 11:25:43	4375	55	236	88	2
7574	2022-07-04 11:57:40	6460	64	218	84	4
7575	2023-05-22 07:08:54	2040	14	205	80	1
7576	2019-07-18 02:40:28	7136	48	115	46	3
7577	2021-04-13 09:12:54	4959	70	5	5	5
7578	2021-05-23 20:21:03	6130	79	19	7	4
7579	2023-04-01 14:44:48	5952	30	7	4	2
7580	2023-01-26 05:51:52	2034	10	56	25	4
7581	2023-02-21 18:26:58	2416	83	205	80	3
7582	2019-12-16 19:38:32	4423	32	105	41	1
7583	2021-08-17 11:39:51	9683	87	46	21	3
7584	2021-12-26 21:20:38	7812	5	61	24	3
7585	2016-11-16 15:14:32	2644	1	200	79	2
7586	2022-12-31 18:30:05	5100	88	154	54	4
7587	2020-08-11 12:28:11	1704	89	7	4	4
7588	2019-10-28 07:25:44	2075	31	5	5	5
7589	2016-06-17 22:17:12	2034	10	188	71	4
7590	2021-11-11 18:33:47	2867	66	114	48	1
7591	2019-11-09 16:49:39	237	80	208	77	4
7592	2017-07-07 22:22:40	675	21	209	76	5
7593	2020-01-25 02:14:54	4090	74	5	5	1
7594	2021-09-12 18:58:00	3636	71	116	43	2
7595	2017-11-03 05:14:53	1493	84	115	46	3
7596	2017-08-07 22:27:26	8312	13	248	91	1
7597	2022-07-09 11:24:54	9266	36	118	42	5
7598	2020-04-14 13:17:55	6460	64	141	52	2
7599	2019-02-15 06:18:38	5343	90	162	59	3
7600	2017-05-09 10:23:24	9699	78	52	19	3
7601	2018-02-22 03:09:38	7630	81	57	26	2
7602	2023-01-15 17:25:01	2947	12	7	4	5
7603	2020-11-01 10:41:41	2867	66	59	27	3
7604	2022-08-24 13:28:07	2532	47	52	20	1
7605	2023-04-02 11:42:13	7403	65	99	33	3
7606	2023-04-02 18:29:45	2867	66	59	28	4
7607	2022-02-27 19:24:24	8268	16	199	78	1
7608	2020-05-22 14:43:23	3070	39	218	84	2
7609	2023-05-29 18:44:11	7716	42	272	98	1
7610	2021-05-23 09:51:29	2867	66	59	27	1
7611	2021-07-16 00:02:40	6847	40	208	77	4
7612	2023-05-18 00:13:00	7716	42	272	98	4
7613	2022-09-21 14:42:50	4419	91	212	82	5
7614	2019-10-12 14:46:48	4388	50	188	72	2
7615	2023-03-23 05:49:19	3390	82	13	10	4
7616	2021-08-03 23:39:19	9266	36	151	53	5
7617	2023-04-21 14:07:30	446	15	97	37	3
7618	2021-04-05 15:36:46	5343	90	52	20	1
7619	2022-05-10 13:17:11	9234	38	164	61	5
7620	2019-01-04 05:57:35	1213	46	34	17	2
7621	2022-04-29 06:49:33	2481	100	116	43	3
7622	2021-12-01 09:45:45	6460	64	218	84	1
7623	2023-04-29 07:07:06	6847	40	10	3	4
7624	2022-03-18 16:58:55	3236	3	148	57	5
7625	2023-05-27 02:39:02	1739	51	213	85	5
7626	2023-04-08 18:38:14	8865	99	170	67	4
7627	2023-06-01 12:11:33	369	93	32	14	2
7628	2022-01-05 04:21:34	2532	47	162	59	5
7629	2023-05-21 16:24:53	1118	92	110	40	4
7630	2023-05-31 11:34:03	7651	44	205	80	1
7631	2022-09-09 12:53:03	2481	100	6	2	3
7632	2020-04-19 23:41:08	4622	8	61	24	3
7633	2016-07-07 11:48:44	6130	79	272	97	4
7634	2023-05-09 12:34:07	1266	63	164	61	1
7635	2023-02-11 15:57:42	7651	44	205	80	1
7636	2022-06-09 13:32:13	1914	77	59	27	4
7637	2023-05-13 13:23:04	7295	53	170	67	1
7638	2018-06-18 04:07:21	7295	53	203	81	4
7639	2022-07-05 13:04:18	4375	55	214	83	2
7640	2022-09-06 21:56:59	9234	38	164	61	4
7641	2022-10-13 13:31:23	2481	100	160	60	3
7642	2022-02-18 15:12:41	2310	20	19	7	5
7643	2023-05-24 04:34:07	2176	11	205	80	4
7644	2023-05-21 20:56:52	5384	35	154	55	3
7645	2023-04-30 22:39:25	6847	40	98	34	2
7646	2022-12-29 13:14:51	8312	13	6	2	2
7647	2023-04-30 17:14:37	4959	70	170	67	1
7648	2019-11-12 14:22:32	4090	74	5	5	1
7649	2021-07-22 19:09:11	3070	39	97	37	4
7650	2018-02-23 03:39:31	6460	64	218	84	2
7651	2022-03-08 18:27:47	2644	1	90	36	3
7652	2023-01-15 05:27:13	619	76	7	4	1
7653	2022-09-09 10:53:15	4622	8	160	60	1
7654	2023-01-28 10:54:19	1266	63	164	61	2
7655	2019-11-01 10:10:53	3236	3	148	57	3
7656	2017-10-15 05:58:47	1213	46	188	71	4
7657	2019-09-14 04:48:33	9003	34	23	15	1
7658	2022-03-07 09:38:46	5704	49	105	41	1
7659	2020-05-08 18:32:46	7630	81	46	21	4
7660	2023-04-21 15:19:28	7812	5	160	60	4
7661	2023-03-26 07:49:27	2416	83	205	80	4
7662	2023-05-03 01:57:33	6024	96	205	80	5
7663	2020-09-18 09:51:51	3953	4	148	57	4
7664	2020-11-06 14:21:34	5343	90	151	53	5
7665	2016-11-22 21:25:36	2644	1	200	79	1
7666	2018-12-04 22:47:35	1914	77	191	74	4
7667	2022-06-16 22:34:04	6431	37	212	82	2
7668	2022-04-28 00:58:24	7542	85	6	2	3
7669	2023-05-18 15:14:39	7542	85	116	43	1
7670	2015-10-14 05:28:08	5035	54	22	8	3
7671	2022-12-22 22:39:48	8268	16	188	72	3
7672	2023-01-15 03:02:27	2176	11	205	80	3
7673	2022-03-03 07:11:04	1493	84	214	83	4
7674	2019-05-22 07:13:47	9234	38	10	3	3
7675	2022-10-19 08:56:44	2310	20	52	20	3
7676	2019-12-07 04:05:04	8128	58	248	91	1
7677	2021-01-25 03:48:12	3070	39	141	52	5
7678	2022-05-08 22:52:44	2034	10	254	94	4
7679	2022-10-15 02:08:32	5704	49	116	43	4
7680	2022-09-24 23:10:47	9611	19	90	36	5
7681	2022-09-16 19:10:47	9026	27	164	61	4
7682	2019-03-30 12:52:40	2310	20	261	92	3
7683	2022-06-08 20:35:23	9026	27	208	77	4
7684	2018-11-14 00:07:46	1213	46	188	72	2
7685	2019-11-11 01:24:10	13	24	236	88	2
7686	2020-03-28 08:19:28	1529	28	209	76	4
7687	2016-01-01 07:49:32	5384	35	22	8	2
7688	2020-04-12 13:17:23	8865	99	115	46	5
7689	2023-01-16 23:58:48	7403	65	264	93	4
7690	2022-12-19 20:02:38	3299	75	113	45	5
7691	2022-12-23 23:06:08	2867	66	235	89	5
7692	2023-06-05 05:23:36	2947	12	205	80	1
7693	2020-07-26 11:33:34	3299	75	14	11	4
7694	2017-07-19 00:36:05	5035	54	154	54	4
7695	2021-05-30 23:18:49	8770	18	7	4	4
7696	2022-09-22 03:01:06	4622	8	160	60	5
7697	2021-04-21 16:56:16	7542	85	105	41	3
7698	2018-03-04 18:11:06	6431	37	36	18	3
7699	2021-05-06 14:49:29	8865	99	236	88	1
7700	2023-01-09 01:26:27	5991	17	160	60	1
7701	2022-11-11 11:28:56	9699	78	118	42	3
7702	2019-04-05 05:43:02	1213	46	155	62	5
7703	2023-06-03 00:12:05	8865	99	170	67	1
7704	2023-01-12 19:01:56	4328	43	110	40	4
7705	2022-01-22 01:14:06	7812	5	116	43	3
7706	2018-09-07 03:44:45	1213	46	34	17	1
7707	2016-11-04 18:05:58	4328	43	22	8	4
7708	2019-03-12 14:44:37	5035	54	22	8	1
7709	2020-01-06 05:00:45	369	93	208	77	3
7710	2022-08-29 05:59:58	1739	51	59	28	5
7711	2020-09-02 05:48:52	6431	37	146	56	2
7712	2020-08-10 21:46:12	4959	70	203	81	1
7713	2021-02-03 15:42:50	1118	92	209	76	5
7714	2023-05-10 09:18:04	7716	42	19	7	4
7715	2017-01-17 09:32:11	8268	16	34	17	4
7716	2022-07-22 23:50:19	7403	65	110	40	3
7717	2023-02-21 13:01:24	9699	78	173	65	5
7718	2021-01-24 19:13:55	675	21	209	76	5
7719	2022-05-02 23:58:11	3070	39	9	6	1
7720	2020-10-08 07:45:08	2681	68	5	5	2
7721	2018-08-23 17:15:09	1385	60	13	9	5
7722	2023-01-16 17:42:38	1704	89	205	80	2
7723	2020-01-22 14:19:35	1385	60	13	9	3
7724	2021-07-10 15:52:51	6460	64	9	6	5
7725	2017-09-30 04:47:47	7630	81	57	26	3
7726	2023-03-23 06:17:19	6647	67	113	45	2
7727	2020-01-29 03:56:43	9003	34	67	29	2
7728	2022-05-02 05:24:10	5035	54	110	39	2
7729	2019-06-26 06:56:28	8684	26	178	69	4
7730	2021-01-18 02:17:53	6660	59	67	29	2
7731	2017-09-09 09:28:23	1385	60	13	9	2
7732	2023-05-12 00:56:03	4419	91	14	12	2
7733	2016-03-30 01:50:10	2532	47	129	49	5
7734	2022-11-02 23:31:10	5035	54	11	1	4
7735	2020-12-19 19:52:31	3953	4	148	57	3
7736	2022-01-02 08:34:08	3323	7	214	83	2
7737	2021-10-26 00:37:27	1914	77	147	58	1
7738	2023-04-30 22:23:11	6460	64	262	96	4
7739	2023-06-01 11:27:15	7136	48	148	57	4
7740	2023-01-05 21:14:05	5947	9	66	23	1
7741	2016-04-12 05:14:10	8268	16	188	71	1
7742	2022-04-25 01:46:49	7136	48	236	88	4
7743	2021-05-01 20:42:48	3636	71	105	41	2
7744	2022-07-22 21:53:45	8289	86	164	61	3
7745	2019-10-11 13:32:15	8865	99	115	46	5
7746	2021-06-06 05:50:34	8684	26	156	63	3
7747	2020-07-05 17:36:21	6024	96	7	4	3
7748	2022-10-26 06:21:26	8268	16	188	72	1
7749	2023-01-05 23:29:48	4090	74	115	47	5
7750	2022-06-29 17:05:08	619	76	7	4	4
7751	2020-06-16 17:58:06	7812	5	105	41	2
7752	2023-03-25 01:42:49	8108	22	156	64	5
7753	2018-03-10 19:11:58	1407	56	218	84	5
7754	2020-10-20 07:59:24	2416	83	7	4	5
7755	2023-03-18 18:08:52	9779	6	90	36	5
7756	2019-06-27 00:37:53	3390	82	178	69	2
7757	2019-04-24 19:37:09	5035	54	22	8	2
7758	2023-05-23 00:01:35	9026	27	98	34	4
7759	2022-03-27 11:29:43	8268	16	23	15	4
7760	2020-06-22 18:16:18	1529	28	11	1	1
7761	2019-05-31 08:08:08	2681	68	148	57	1
7762	2023-03-22 05:44:06	5947	9	110	40	2
7763	2021-12-04 15:22:30	619	76	7	4	2
7764	2019-12-04 08:50:12	2570	45	13	9	1
7765	2020-04-08 21:13:06	5704	49	61	24	3
7766	2019-07-01 01:05:06	9683	87	79	32	1
7767	2022-08-09 21:04:44	4419	91	190	73	3
7768	2023-06-05 21:13:59	9734	52	205	80	4
7769	2022-05-05 18:46:06	3636	71	248	91	1
7770	2023-04-27 18:59:39	4090	74	115	47	2
7771	2021-12-05 08:57:07	8770	18	7	4	2
7772	2020-04-19 02:55:53	1213	46	199	78	3
7773	2016-11-03 05:17:11	528	33	248	91	5
7774	2023-05-28 19:31:57	3207	57	213	85	4
7775	2023-05-11 04:59:33	8684	26	178	70	3
7776	2023-05-09 22:59:44	8865	99	170	67	5
7777	2019-07-05 09:34:34	9026	27	208	77	4
7778	2019-01-07 11:04:47	237	80	208	77	1
7779	2018-11-15 16:27:45	2570	45	46	21	2
7780	2023-03-12 01:10:15	619	76	7	4	2
7781	2017-06-04 08:51:26	5343	90	30	13	5
7782	2020-09-24 01:38:54	6602	61	9	6	5
7783	2023-03-14 13:14:23	7651	44	205	80	2
7784	2022-06-01 15:25:35	2481	100	116	43	2
7785	2021-05-27 03:48:21	5384	35	264	93	2
7786	2023-03-13 03:08:52	2466	2	272	98	3
7787	2017-10-18 16:32:34	1914	77	191	74	4
7788	2023-03-24 07:30:38	5947	9	264	93	1
7789	2023-05-17 03:29:42	2416	83	7	4	1
7790	2021-10-25 14:01:54	4375	55	115	46	4
7791	2023-04-14 13:11:21	1493	84	170	67	5
7792	2023-05-07 09:38:06	9266	36	173	65	4
7793	2022-01-03 11:35:41	6412	23	5	5	1
7794	2023-02-06 15:00:34	564	73	115	47	4
7795	2022-01-29 23:39:33	6602	61	262	96	1
7796	2023-02-08 04:32:47	5952	30	205	80	3
7797	2023-05-14 15:05:04	4622	8	6	2	2
7798	2019-08-16 00:55:29	9026	27	208	77	4
7799	2021-10-19 06:45:09	8684	26	46	21	5
7800	2020-01-06 06:20:12	8020	95	10	3	1
7801	2022-10-01 04:41:02	619	76	205	80	4
7802	2021-10-16 18:17:57	9699	78	261	92	2
7803	2023-04-02 06:26:07	4423	32	248	91	4
7804	2023-05-25 07:44:20	8289	86	32	14	2
7805	2022-08-28 18:55:50	6847	40	208	77	2
7806	2020-09-17 06:24:23	619	76	7	4	1
7807	2019-02-20 04:07:42	564	73	203	81	1
7808	2022-05-14 11:35:16	1385	60	46	21	5
7809	2023-05-18 18:07:21	401	97	213	85	5
7810	2021-03-27 22:31:05	1704	89	7	4	2
7811	2021-10-23 11:02:13	9683	87	156	63	2
7812	2021-03-18 01:10:52	3236	3	5	5	4
7813	2018-05-12 10:38:29	6130	79	272	97	2
7814	2022-10-27 11:54:07	8312	13	160	60	1
7815	2023-02-09 17:32:48	6647	67	146	56	4
7816	2020-05-08 00:58:00	446	15	141	52	5
7817	2022-09-26 11:14:16	1704	89	205	80	4
7818	2022-11-20 21:31:52	1868	25	9	6	3
7819	2022-11-09 12:29:06	1529	28	253	90	1
7820	2021-12-04 11:29:13	8108	22	156	64	1
7821	2022-04-23 01:24:11	7295	53	214	83	5
7822	2019-02-26 06:33:01	1118	92	99	33	1
7823	2022-08-22 05:59:51	369	93	208	77	1
7824	2016-12-24 11:22:57	675	21	242	87	1
7825	2023-05-31 18:37:44	8289	86	32	14	4
7826	2022-04-08 21:48:48	528	33	61	24	3
7827	2022-11-22 17:52:11	8684	26	46	21	4
7828	2020-12-07 22:51:11	6612	69	97	37	5
7829	2021-09-30 22:20:37	3636	71	248	91	5
7830	2020-09-21 06:32:03	6412	23	203	81	4
7831	2019-11-25 23:18:41	675	21	11	1	3
7832	2018-12-27 15:02:06	4423	32	248	91	3
7833	2020-07-03 10:40:13	6412	23	5	5	4
7834	2019-10-14 20:19:49	8684	26	57	26	5
7835	2016-06-15 04:25:17	4419	91	223	86	2
7836	2023-06-04 03:28:46	675	21	253	90	2
7837	2022-12-25 09:32:15	5704	49	105	41	1
7838	2020-03-18 01:17:49	1213	46	23	15	3
7839	2023-01-29 11:52:37	7403	65	88	30	4
7840	2023-04-07 19:10:59	2075	31	170	67	2
7841	2023-04-22 19:33:11	9234	38	98	34	5
7842	2022-04-09 22:30:31	5384	35	110	39	2
7843	2021-03-20 22:09:13	2416	83	7	4	3
7844	2022-01-20 06:37:55	1493	84	214	83	4
7845	2020-02-15 06:34:44	478	62	7	4	3
7846	2020-12-09 23:40:01	7295	53	203	81	4
7847	2021-04-01 01:21:42	1385	60	156	63	4
7848	2022-10-08 09:02:56	2416	83	205	80	1
7849	2022-04-30 19:11:38	2466	2	173	65	5
7850	2023-04-09 11:52:17	8289	86	98	34	4
7851	2023-05-02 16:20:51	619	76	205	80	1
7852	2018-10-07 14:04:43	6647	67	14	11	4
7853	2021-05-12 16:41:41	1914	77	235	89	3
7854	2018-08-29 10:21:13	2466	2	151	53	3
7855	2023-01-22 11:39:50	478	62	7	4	4
7856	2023-04-22 06:47:36	1481	94	98	34	1
7857	2021-11-16 12:23:18	3236	3	5	5	2
7858	2018-12-05 04:14:36	3323	7	203	81	2
7859	2018-03-27 07:35:28	9683	87	79	31	5
7860	2021-06-23 22:10:12	4090	74	236	88	2
7861	2019-04-13 21:27:45	2570	45	46	21	3
7862	2022-04-27 12:12:04	4388	50	199	78	5
7863	2023-06-04 14:15:09	1266	63	32	14	2
7864	2022-01-14 02:20:31	1213	46	254	94	1
7865	2023-01-05 01:12:04	1407	56	130	50	2
7866	2023-03-04 23:35:11	9734	52	205	80	5
7867	2022-08-09 00:09:27	1118	92	11	1	5
7868	2016-11-11 20:36:43	7630	81	200	79	3
7869	2022-05-07 16:27:29	5947	9	110	39	2
7870	2021-09-27 02:20:11	401	97	191	75	5
7871	2023-05-01 07:48:04	6847	40	98	34	3
7872	2023-02-05 23:54:34	1481	94	164	61	3
7873	2021-04-24 13:27:04	8865	99	214	83	2
7874	2022-01-31 12:07:54	3070	39	9	6	1
7875	2019-12-22 18:00:41	1493	84	148	57	1
7876	2020-02-12 07:56:34	5100	88	99	33	3
7877	2023-04-24 22:02:03	619	76	205	80	2
7878	2022-10-13 10:51:02	3207	57	59	28	5
7879	2023-05-07 03:21:03	5704	49	105	41	1
7880	2020-05-27 16:29:04	4328	43	88	30	2
7881	2020-11-28 21:45:34	6431	37	190	73	1
7882	2022-06-16 05:49:52	4959	70	214	83	5
7883	2020-10-19 06:48:42	6024	96	7	4	4
7884	2023-05-13 03:49:09	564	73	170	67	3
7885	2023-02-25 02:04:38	8770	18	205	80	4
7886	2019-04-23 21:37:32	3862	29	248	91	1
7887	2023-04-25 05:20:52	6660	59	56	25	2
7888	2022-03-08 14:16:47	3636	71	61	24	4
7889	2023-05-07 14:44:09	1407	56	97	37	4
7890	2022-10-31 19:08:41	5991	17	105	41	4
7891	2023-02-21 15:25:53	4090	74	115	47	1
7892	2023-05-13 23:15:06	1529	28	154	55	3
7893	2023-05-31 22:58:23	237	80	32	14	3
7894	2022-04-08 03:17:12	9779	6	79	32	3
7895	2023-02-20 02:18:01	5384	35	110	40	1
7896	2022-12-29 08:03:16	1868	25	141	52	5
7897	2019-10-12 13:37:54	5991	17	105	41	1
7898	2022-01-15 12:28:57	7403	65	11	1	4
7899	2017-04-19 21:27:20	3323	7	115	46	3
7900	2020-06-23 15:08:43	1266	63	10	3	2
7901	2023-03-17 10:33:31	8865	99	5	5	1
7902	2023-01-20 03:34:24	6647	67	14	12	2
7903	2020-04-22 15:25:40	2532	47	151	53	4
7904	2020-12-27 16:17:37	1385	60	79	32	2
7905	2019-06-23 11:06:17	3323	7	115	46	2
7906	2019-06-07 11:09:22	6660	59	188	72	1
7907	2022-09-21 11:30:34	4959	70	203	81	5
7908	2022-05-21 07:26:07	2075	31	214	83	5
7909	2021-07-26 14:30:55	8108	22	79	32	5
7910	2022-05-19 04:11:36	1529	28	99	33	3
7911	2022-11-24 14:05:12	2570	45	266	99	2
7912	2019-03-24 06:33:33	1868	25	53	22	4
7913	2023-04-26 20:53:45	13	24	170	67	5
7914	2018-02-13 01:08:26	3236	3	115	46	3
7915	2022-05-20 12:17:11	2532	47	129	49	4
7916	2023-04-18 16:23:06	6847	40	98	34	5
7917	2020-02-19 04:01:20	5343	90	30	13	1
7918	2020-09-28 22:58:27	5384	35	99	33	5
7919	2022-09-06 10:01:28	4375	55	115	46	5
7920	2023-03-22 02:30:34	8770	18	205	80	3
7921	2022-09-04 16:41:12	2644	1	90	36	2
7922	2022-08-14 04:36:46	237	80	164	61	5
7923	2022-11-20 23:41:37	6431	37	256	95	4
7924	2021-10-04 11:56:29	1118	92	264	93	3
7925	2023-01-29 10:31:43	7403	65	253	90	1
7926	2020-06-20 09:25:12	446	15	141	52	2
7927	2023-04-19 06:15:19	5952	30	205	80	1
7928	2021-03-03 05:34:55	564	73	5	5	3
7929	2022-11-10 00:08:31	8128	58	6	2	4
7930	2018-06-28 12:20:14	2644	1	57	26	3
7931	2023-04-06 11:50:38	2075	31	115	47	4
7932	2022-08-14 21:08:32	7295	53	203	81	3
7933	2019-07-10 09:57:47	6460	64	53	22	1
7934	2023-05-26 18:48:05	2481	100	61	24	1
7935	2017-05-11 01:44:31	5035	54	66	23	5
7936	2017-05-06 16:33:23	5343	90	52	19	2
7937	2022-06-03 13:57:12	7136	48	214	83	3
7938	2021-05-15 15:27:11	7136	48	203	81	1
7939	2016-03-10 04:15:59	1213	46	188	71	2
7940	2021-04-09 14:31:08	6431	37	190	73	3
7941	2021-11-06 08:56:39	7716	42	19	7	1
7942	2021-04-27 16:38:19	237	80	208	77	4
7943	2019-06-07 06:07:30	369	93	208	77	4
7944	2022-10-29 13:19:07	2176	11	7	4	5
7945	2016-07-16 23:47:23	6602	61	53	22	2
7946	2022-02-21 09:26:30	1385	60	90	36	2
7947	2019-08-08 00:49:23	8684	26	57	26	5
7948	2021-03-15 17:30:48	2570	45	79	32	4
7949	2019-07-01 03:26:55	1385	60	178	69	3
7950	2022-03-04 03:07:40	13	24	148	57	5
7951	2021-11-19 11:17:15	3953	4	5	5	2
7952	2023-03-29 09:07:32	3953	4	170	67	1
7953	2022-04-21 04:10:35	4375	55	214	83	5
7954	2023-04-02 00:40:01	4959	70	115	47	5
7955	2020-01-05 14:23:09	4622	8	105	41	5
7956	2023-05-28 18:17:34	4959	70	170	67	2
7957	2019-11-25 05:13:47	2075	31	5	5	1
7958	2023-01-24 17:45:39	619	76	7	4	4
7959	2022-09-10 09:05:39	7136	48	148	57	4
7960	2022-12-19 10:07:40	7812	5	6	2	1
7961	2016-07-18 11:04:22	3207	57	191	74	2
7962	2018-03-09 00:09:36	9611	19	79	31	3
7963	2022-10-08 18:19:02	619	76	205	80	4
7964	2019-07-16 06:54:20	1213	46	23	15	3
7965	2021-08-14 20:09:03	2075	31	236	88	2
7966	2021-05-28 21:39:27	3862	29	105	41	5
7967	2021-01-01 17:14:22	2310	20	19	7	3
7968	2020-11-23 20:41:58	9611	19	167	66	3
7969	2018-11-21 02:43:17	2532	47	52	20	3
7970	2023-06-04 07:45:20	9234	38	32	14	4
7971	2021-09-02 07:16:00	446	15	130	50	2
7972	2019-11-01 21:16:58	3236	3	5	5	2
7973	2017-08-09 15:23:15	7716	42	52	19	1
7974	2022-10-23 12:47:10	2644	1	79	32	4
7975	2023-03-01 07:14:48	1868	25	262	96	5
7976	2023-03-14 21:51:40	13	24	115	47	5
7977	2021-12-30 17:17:21	2310	20	272	97	1
7978	2022-01-29 22:30:22	9266	36	129	49	3
7979	2021-03-21 10:30:53	6024	96	7	4	5
7980	2023-01-23 06:46:38	9003	34	254	94	1
7981	2022-07-17 05:00:20	3953	4	115	46	5
7982	2022-04-11 13:55:56	1868	25	262	96	3
7983	2023-04-30 03:17:56	2681	68	214	83	2
7984	2022-12-15 17:26:27	619	76	7	4	4
7985	2023-01-20 15:13:20	4959	70	148	57	2
7986	2021-08-09 07:03:08	7651	44	7	4	5
7987	2022-05-28 03:33:07	8684	26	156	64	3
7988	2023-05-01 17:35:34	1493	84	170	67	4
7989	2023-02-17 11:25:27	2040	14	205	80	4
7990	2023-02-19 01:32:36	2947	12	205	80	3
7991	2021-12-23 11:21:27	9234	38	10	3	3
7992	2018-12-31 12:50:38	2867	66	235	89	1
7993	2020-05-30 13:51:30	1492	98	34	17	5
7994	2019-07-08 03:26:31	401	97	191	74	3
7995	2015-10-18 14:51:37	5343	90	129	49	3
7996	2020-12-26 14:26:07	2040	14	7	4	1
7997	2021-05-23 23:28:02	5947	9	88	30	1
7998	2021-10-06 03:40:47	8684	26	90	36	4
7999	2023-05-04 06:40:23	4959	70	170	67	2
8000	2022-03-27 04:24:07	5991	17	116	43	3
8001	2018-06-13 20:19:25	8865	99	203	81	2
8002	2017-01-03 06:29:33	5343	90	261	92	3
8003	2023-05-22 02:05:29	2022	41	115	47	5
8004	2017-07-29 01:39:34	1213	46	34	17	5
8005	2022-09-16 06:56:56	5035	54	110	40	2
8006	2018-06-10 16:14:25	2466	2	151	53	5
8007	2022-10-21 09:16:09	8770	18	7	4	3
8008	2023-04-26 07:08:06	7403	65	253	90	5
8009	2020-04-22 03:39:51	1493	84	236	88	1
8010	2023-01-12 11:53:57	13	24	203	81	4
8011	2015-09-03 17:12:26	2310	20	261	92	5
8012	2022-12-24 15:59:25	5952	30	205	80	5
8013	2022-08-24 18:17:00	2532	47	118	42	5
8014	2023-04-29 02:16:11	2075	31	170	67	2
8015	2020-12-21 19:58:02	6431	37	146	56	1
8016	2020-02-28 07:44:03	8770	18	7	4	5
8017	2023-05-14 20:00:02	528	33	105	41	4
8018	2020-03-04 23:26:00	2022	41	203	81	5
8019	2020-12-28 20:12:00	1385	60	13	9	4
8020	2016-11-07 20:14:10	2466	2	261	92	5
8021	2021-08-03 20:50:36	9266	36	261	92	1
8022	2017-11-23 14:09:22	675	21	242	87	4
8023	2018-10-08 14:07:33	2532	47	151	53	5
8024	2020-10-11 15:30:58	2681	68	203	81	5
8025	2019-04-11 14:46:24	2022	41	236	88	3
8026	2022-10-18 18:47:41	619	76	205	80	3
8027	2021-10-19 14:06:26	6660	59	254	94	2
8028	2018-11-20 13:46:25	1868	25	141	52	3
8029	2022-04-29 16:38:13	1529	28	209	76	4
8030	2020-09-02 13:33:45	401	97	59	27	5
8031	2021-08-07 20:39:51	8020	95	10	3	5
8032	2022-05-03 17:38:53	1213	46	111	44	5
8033	2019-07-13 07:10:58	3390	82	178	69	3
8034	2023-04-23 13:24:00	9234	38	98	34	1
8035	2021-06-23 03:16:25	1493	84	115	46	3
8036	2023-04-19 20:12:38	8865	99	115	47	5
8037	2021-03-21 12:07:21	2947	12	7	4	1
8038	2023-06-04 05:46:38	369	93	32	14	3
8039	2023-04-21 17:17:29	237	80	10	3	2
8040	2023-02-02 00:30:44	5991	17	160	60	3
8041	2022-09-21 14:48:33	8770	18	205	80	5
8042	2021-03-10 01:36:01	2416	83	7	4	2
8043	2019-07-28 06:10:07	5100	88	88	30	3
8044	2022-11-21 15:09:59	8128	58	116	43	1
8045	2018-10-15 19:33:19	7729	72	151	53	1
8046	2023-03-29 12:09:23	4622	8	61	24	2
8047	2021-04-11 20:21:27	5035	54	110	38	5
8048	2023-04-27 17:31:29	2466	2	184	68	5
8049	2023-03-19 23:21:01	619	76	7	4	3
8050	2023-02-13 17:10:40	8312	13	116	43	2
8051	2016-07-16 20:24:03	1492	98	111	44	3
8052	2022-05-15 13:46:03	6647	67	212	82	5
8053	2020-11-13 02:00:53	4423	32	61	24	5
8054	2021-05-22 21:51:08	478	62	7	4	1
8055	2020-08-10 21:38:07	5343	90	52	20	2
8056	2021-10-06 10:26:31	2075	31	214	83	3
8057	2022-12-23 08:44:35	3953	4	148	57	1
8058	2022-05-22 07:31:33	1213	46	276	100	1
8059	2021-11-25 21:55:35	1529	28	110	38	3
8060	2022-05-07 02:20:51	2532	47	184	68	4
8061	2022-09-16 23:59:08	2416	83	205	80	5
8062	2021-06-24 01:17:29	1481	94	10	3	3
8063	2022-08-31 12:14:23	4622	8	160	60	2
8064	2019-05-26 20:20:17	1739	51	191	74	5
8065	2019-12-22 01:22:24	5100	88	66	23	5
8066	2021-02-15 18:59:27	6612	69	9	6	5
8067	2023-03-09 04:32:17	3390	82	178	70	1
8068	2022-12-04 19:38:05	5704	49	105	41	2
8069	2020-04-14 08:04:02	1739	51	59	27	2
8070	2023-03-20 10:56:59	619	76	205	80	5
8071	2022-12-07 14:38:53	2176	11	7	4	5
8072	2021-12-08 16:49:08	8312	13	116	43	4
8073	2021-02-25 05:55:31	8268	16	155	62	1
8074	2021-05-30 14:37:15	6660	59	67	29	2
8075	2023-04-24 11:06:59	3236	3	115	47	2
8076	2023-05-30 21:13:38	3236	3	170	67	1
8077	2021-06-06 03:22:56	446	15	97	37	3
8078	2023-04-21 17:10:42	5704	49	116	43	1
8079	2022-04-02 05:37:51	8128	58	6	2	1
8080	2022-10-27 06:10:08	401	97	59	28	4
8081	2023-03-30 13:33:06	8865	99	115	47	1
8082	2022-11-07 20:48:16	1529	28	253	90	1
8083	2022-11-09 20:39:56	4423	32	6	2	2
8084	2018-02-20 12:24:28	3323	7	203	81	4
8085	2023-06-03 20:09:21	9026	27	32	14	4
8086	2022-11-18 05:40:51	5952	30	205	80	2
8087	2023-06-05 14:35:53	7542	85	61	24	1
8088	2020-02-28 22:25:48	5947	9	99	33	3
8089	2022-05-19 05:54:18	8128	58	61	24	1
8090	2023-05-25 09:17:53	9234	38	32	14	5
8091	2022-07-03 16:10:12	7812	5	116	43	3
8092	2022-06-24 08:59:43	8865	99	5	5	3
8093	2018-01-21 17:26:50	7403	65	154	54	4
8094	2023-05-22 22:20:56	6130	79	272	98	4
8095	2019-12-14 02:26:12	4328	43	66	23	3
8096	2023-02-03 10:38:44	401	97	59	28	4
8097	2022-11-03 03:37:41	1529	28	253	90	4
8098	2023-03-30 00:14:00	4419	91	212	82	4
8099	2022-07-31 06:52:36	5100	88	110	40	2
8100	2020-05-18 17:03:59	6647	67	190	73	2
8101	2023-03-16 20:52:57	8108	22	13	10	5
8102	2023-06-05 21:09:00	1266	63	32	14	4
8103	2023-02-20 07:08:22	5100	88	253	90	1
8104	2016-09-19 23:59:27	9266	36	52	19	3
8105	2022-09-29 02:01:37	9611	19	90	36	1
8106	2022-06-22 18:48:14	3323	7	203	81	4
8107	2021-02-11 20:15:25	9026	27	10	3	2
8108	2023-03-21 17:40:09	1118	92	110	40	5
8109	2022-12-09 08:17:34	1492	98	254	94	2
8110	2018-04-12 07:22:02	9611	19	79	31	1
8111	2020-06-15 02:35:36	6431	37	190	73	3
8112	2019-10-29 05:00:43	1407	56	218	84	4
8113	2023-06-02 08:52:06	369	93	32	14	1
8114	2019-10-01 06:25:07	6602	61	218	84	5
8115	2023-05-24 21:25:50	5952	30	205	80	4
8116	2022-06-10 09:41:57	1213	46	67	29	5
8117	2023-05-31 13:20:36	6431	37	25	16	3
8118	2022-08-12 11:17:19	2532	47	19	7	1
8119	2022-12-21 01:06:32	2022	41	214	83	1
8120	2022-12-16 13:04:05	13	24	236	88	4
8121	2020-08-03 15:41:41	6431	37	190	73	2
8122	2022-01-06 10:51:34	7630	81	79	32	1
8123	2020-11-23 09:06:20	2310	20	272	97	1
8124	2023-03-12 12:50:07	1704	89	205	80	5
8125	2020-06-22 07:54:00	2481	100	61	24	5
8126	2021-11-11 13:53:29	4328	43	209	76	4
8127	2021-05-31 06:20:22	6460	64	97	37	5
8128	2022-03-14 23:46:52	2867	66	235	89	1
8129	2022-09-26 14:16:33	2040	14	205	80	1
8130	2022-11-27 23:55:15	2416	83	205	80	4
8131	2022-05-02 09:54:02	675	21	110	39	2
8132	2022-12-08 22:26:01	6431	37	256	95	5
8133	2022-11-19 09:00:51	1529	28	110	40	2
8134	2023-04-19 16:44:00	9234	38	98	34	1
8135	2017-08-16 21:14:04	2867	66	235	89	2
8136	2019-12-29 18:52:42	6460	64	141	52	4
8137	2021-08-23 17:21:20	3953	4	5	5	2
8138	2022-11-25 09:39:55	4959	70	236	88	4
8139	2023-04-26 03:29:22	9026	27	208	77	5
8140	2023-03-08 08:22:05	2034	10	254	94	5
8141	2022-12-13 14:08:12	8684	26	13	10	2
8142	2022-04-24 16:42:13	1407	56	262	96	5
8143	2022-04-21 03:07:24	7812	5	6	2	2
8144	2022-10-10 07:13:27	7630	81	156	64	3
8145	2022-09-05 15:17:50	13	24	236	88	5
8146	2022-12-15 12:25:10	7403	65	99	33	4
8147	2021-12-01 06:33:21	3636	71	116	43	5
8148	2023-04-04 20:17:22	4388	50	89	35	3
8149	2022-11-05 13:59:29	4423	32	160	60	3
8150	2023-01-17 16:35:07	528	33	160	60	2
8151	2023-02-18 06:51:01	2176	11	205	80	5
8152	2021-04-18 05:13:42	2644	1	200	79	2
8153	2022-10-06 04:51:05	9779	6	90	36	1
8154	2019-11-26 18:11:18	1407	56	9	6	3
8155	2021-02-21 13:03:17	3236	3	236	88	4
8156	2019-07-23 18:44:32	5100	88	154	54	5
8157	2022-08-13 06:29:58	619	76	205	80	2
8158	2023-05-13 19:59:35	1493	84	236	88	2
8159	2022-02-13 23:03:37	4388	50	89	35	5
8160	2017-09-26 15:41:23	5384	35	66	23	5
8161	2022-10-27 10:25:59	2416	83	205	80	4
8162	2021-10-26 20:41:58	3390	82	178	70	1
8163	2022-10-02 12:35:58	5952	30	7	4	5
8164	2017-05-06 22:43:01	1739	51	114	48	2
8165	2016-01-10 02:43:24	1407	56	141	52	4
8166	2023-04-23 04:56:28	5947	9	242	87	3
8167	2018-12-27 17:02:45	3953	4	115	46	2
8168	2021-09-06 05:11:13	9699	78	19	7	2
8169	2015-06-29 20:29:26	9003	34	188	71	2
8170	2020-11-29 04:59:33	7136	48	203	81	3
8171	2020-05-04 04:33:12	3390	82	178	70	3
8172	2020-04-13 05:39:45	1213	46	276	100	1
8173	2022-04-12 23:27:10	4090	74	214	83	5
8174	2021-10-31 16:18:49	619	76	7	4	5
8175	2021-08-19 07:34:51	2022	41	236	88	3
8176	2023-05-07 01:40:25	564	73	115	47	3
8177	2023-06-01 20:57:37	6847	40	32	14	5
8178	2019-08-25 15:45:34	7295	53	236	88	3
8179	2023-06-01 20:44:35	1493	84	214	83	1
8180	2021-04-21 11:47:51	8684	26	13	9	2
8181	2016-11-06 15:27:16	9699	78	30	13	4
8182	2023-03-14 22:13:05	6660	59	276	100	5
8183	2021-12-25 16:03:40	5343	90	151	53	3
8184	2022-03-25 09:29:33	3862	29	6	2	1
8185	2022-10-03 19:34:19	4423	32	6	2	3
8186	2020-07-07 21:23:21	7716	42	173	65	1
8187	2023-06-01 16:15:14	4375	55	170	67	2
8188	2021-12-12 07:03:06	9779	6	90	36	2
8189	2023-04-11 08:46:48	7136	48	115	47	3
8190	2016-06-29 08:21:44	2466	2	52	19	2
8191	2022-12-14 08:57:05	2022	41	115	47	1
8192	2023-04-12 22:16:09	3953	4	170	67	3
8193	2018-07-23 00:04:56	4375	55	203	81	1
8194	2020-05-06 13:24:41	3299	75	36	18	4
8195	2020-03-16 23:34:38	446	15	218	84	3
8196	2019-07-18 04:45:54	9003	34	155	62	3
8197	2019-12-07 23:15:21	7729	72	52	20	2
8198	2021-10-05 04:35:03	3862	29	105	41	2
8199	2022-09-18 21:41:46	2947	12	7	4	5
8200	2019-06-22 08:04:00	1407	56	218	84	1
8201	2023-05-06 00:00:36	2022	41	170	67	1
8202	2022-10-10 05:21:31	8128	58	116	43	3
8203	2022-11-09 19:53:16	4419	91	14	12	1
8204	2022-12-21 14:03:10	2947	12	7	4	2
8205	2017-12-23 05:33:37	9779	6	200	79	5
8206	2017-03-10 20:59:01	9699	78	272	97	2
8207	2021-02-14 02:28:30	9683	87	200	79	1
8208	2021-04-18 06:06:51	4419	91	14	11	4
8209	2022-04-25 08:08:56	5947	9	110	39	3
8210	2023-03-15 17:06:31	619	76	205	80	4
8211	2019-12-24 00:42:29	2034	10	188	72	1
8212	2022-01-17 17:42:27	2466	2	272	97	1
8213	2023-04-23 06:33:57	6647	67	14	12	1
8214	2022-10-30 01:33:37	7136	48	148	57	4
8215	2023-02-10 01:43:09	1704	89	205	80	4
8216	2018-07-08 13:54:32	564	73	115	46	5
8217	2022-06-26 11:29:33	3299	75	36	18	2
8218	2022-08-26 08:45:53	2947	12	205	80	4
8219	2023-05-12 15:51:14	2022	41	148	57	3
8220	2018-07-28 23:32:36	8268	16	67	29	2
8221	2017-11-06 22:05:27	9003	34	188	71	5
8222	2022-02-26 02:59:59	2867	66	191	75	1
8223	2021-03-01 22:14:39	6612	69	9	6	3
8224	2020-12-18 10:10:29	2034	10	276	100	2
8225	2022-02-06 11:31:29	5704	49	105	41	4
8226	2023-05-27 12:43:21	6024	96	7	4	1
8227	2019-06-29 01:02:51	1385	60	13	9	1
8228	2020-07-22 03:21:26	478	62	7	4	4
8229	2021-01-05 03:26:36	5991	17	61	24	5
8230	2023-03-29 07:59:50	3323	7	170	67	1
8231	2016-11-27 14:30:41	6612	69	218	84	4
8232	2018-07-26 10:02:45	2034	10	188	71	2
8233	2020-12-23 07:27:35	6660	59	23	15	1
8234	2023-06-05 00:33:06	401	97	213	85	3
8235	2022-03-08 14:44:36	4328	43	209	76	4
8236	2023-04-17 03:37:01	6847	40	98	34	5
8237	2020-07-14 12:01:26	9683	87	167	66	2
8238	2021-06-16 20:45:22	7651	44	7	4	4
8239	2021-01-14 10:32:39	1529	28	99	33	4
8240	2020-06-04 21:09:47	6460	64	218	84	4
8241	2018-12-14 06:43:06	7716	42	272	97	1
8242	2023-05-21 07:48:01	564	73	115	47	2
8243	2023-04-03 14:39:03	2176	11	205	80	2
8244	2015-12-07 20:49:46	2310	20	129	49	3
8245	2023-01-31 19:28:32	5100	88	110	40	5
8246	2015-12-03 21:32:24	3299	75	223	86	3
8247	2023-03-14 09:41:05	2416	83	205	80	4
8248	2019-05-17 18:52:58	5991	17	61	24	5
8249	2022-09-16 00:22:51	2947	12	205	80	1
8250	2017-10-24 09:53:51	7716	42	52	19	1
8251	2022-01-21 03:39:40	619	76	7	4	1
8252	2019-06-14 02:02:39	5343	90	151	53	2
8253	2021-11-17 19:25:08	1914	77	191	75	5
8254	2022-08-20 16:29:17	6660	59	56	25	3
8255	2020-11-26 20:35:11	2681	68	5	5	5
8256	2019-05-08 15:34:50	7136	48	148	57	5
8257	2023-03-02 19:32:52	1493	84	115	47	3
8258	2019-06-14 03:29:20	2532	47	162	59	4
8259	2023-05-01 08:16:34	1266	63	98	34	3
8260	2022-05-07 02:26:20	7403	65	110	39	5
8261	2023-03-10 07:21:47	6647	67	190	73	1
8262	2023-05-13 02:45:04	8770	18	205	80	3
8263	2022-03-17 00:24:16	2681	68	115	46	2
8264	2016-10-08 00:56:10	6647	67	14	11	3
8265	2020-01-24 17:39:11	6130	79	184	68	3
8266	2023-04-24 10:54:51	8020	95	98	34	5
8267	2021-12-18 14:51:14	7630	81	90	36	5
8268	2020-12-09 17:18:46	369	93	208	77	5
8269	2022-05-10 16:52:06	7403	65	110	39	2
8270	2019-11-29 17:44:59	2034	10	155	62	4
8271	2019-10-02 20:43:05	401	97	191	75	5
8272	2022-10-14 23:40:58	6460	64	9	6	2
8273	2023-06-02 03:09:23	6024	96	205	80	4
8274	2023-02-13 23:31:01	4375	55	5	5	1
8275	2022-05-12 06:30:34	5384	35	110	39	3
8276	2022-10-17 18:22:26	478	62	205	80	3
8277	2020-12-25 00:16:20	2034	10	254	94	1
8278	2022-09-29 12:44:37	9734	52	205	80	2
8279	2021-01-09 00:36:54	4959	70	148	57	5
8280	2023-01-02 08:01:29	7812	5	6	2	4
8281	2022-12-30 20:15:35	7716	42	118	42	2
8282	2023-05-31 17:03:43	2416	83	205	80	5
8283	2022-02-07 07:07:43	369	93	164	61	3
8284	2020-11-29 02:18:14	8268	16	276	100	2
8285	2023-05-21 20:05:58	401	97	59	28	1
8286	2023-05-18 11:57:09	237	80	98	34	4
8287	2023-05-26 19:37:42	1529	28	154	55	4
8288	2022-10-24 05:10:54	5384	35	154	54	3
8289	2023-06-05 20:18:49	369	93	32	14	2
8290	2021-09-22 21:07:26	3862	29	105	41	4
8291	2018-03-15 18:15:20	1868	25	53	22	1
8292	2022-05-09 23:03:52	5384	35	110	39	2
8293	2023-03-05 14:30:04	9611	19	13	10	3
8294	2017-01-22 15:48:10	1118	92	110	38	4
8295	2020-02-27 09:36:20	2034	10	155	62	1
8296	2020-08-28 21:20:56	5384	35	22	8	5
8297	2022-09-23 17:18:05	2570	45	266	99	4
8298	2021-09-20 15:02:54	8865	99	214	83	5
8299	2017-12-21 05:51:23	5991	17	248	91	3
8300	2022-09-04 17:12:29	6024	96	205	80	4
8301	2023-05-22 08:09:20	6847	40	98	34	3
8302	2023-05-23 11:47:03	1868	25	130	50	4
8303	2021-12-08 03:49:12	4388	50	199	78	4
8304	2017-02-16 07:17:10	2867	66	191	74	3
8305	2017-08-11 01:47:08	6431	37	223	86	1
8306	2023-05-19 05:54:19	9779	6	156	64	1
8307	2022-12-10 11:57:48	9266	36	30	13	2
8308	2019-01-27 03:14:04	4375	55	115	46	5
8309	2023-02-17 13:58:17	619	76	205	80	5
8310	2019-06-10 12:26:24	9699	78	162	59	5
8311	2022-04-13 23:20:49	1914	77	59	27	3
8312	2022-10-16 11:29:57	4328	43	110	40	5
8313	2022-05-26 15:54:04	2681	68	236	88	3
8314	2022-02-13 05:06:03	3862	29	116	43	4
8315	2019-06-29 09:15:46	9003	34	23	15	5
8316	2023-04-09 17:30:06	1492	98	56	25	2
8317	2022-12-01 15:24:33	675	21	110	40	4
8318	2023-02-09 02:19:08	446	15	97	37	1
8319	2018-11-29 19:28:32	7729	72	261	92	4
8320	2018-08-22 12:21:24	5704	49	248	91	1
8321	2021-02-28 09:47:43	401	97	235	89	5
8322	2018-10-26 06:49:27	3953	4	115	46	1
8323	2021-12-15 22:13:37	1868	25	130	50	3
8324	2022-10-31 14:40:57	9003	34	56	25	2
8325	2021-08-06 00:17:01	6660	59	111	44	2
8326	2021-06-06 14:24:06	6412	23	115	46	5
8327	2020-10-05 10:29:33	7136	48	148	57	3
8328	2020-12-26 15:01:17	1914	77	59	27	4
8329	2022-11-11 03:41:53	7651	44	205	80	4
8330	2020-06-02 10:45:11	6024	96	7	4	4
8331	2020-02-29 15:51:23	478	62	7	4	4
8332	2021-06-14 23:25:06	2022	41	236	88	1
8333	2022-07-15 23:32:39	7812	5	6	2	2
8334	2019-01-13 09:44:02	4423	32	61	24	2
8335	2023-01-27 23:01:46	2040	14	205	80	4
8336	2017-08-10 03:45:45	675	21	154	54	5
8337	2021-08-08 21:54:21	401	97	191	75	1
8338	2023-01-01 05:44:40	564	73	5	5	3
8339	2023-02-26 23:48:04	2867	66	191	75	4
8340	2023-06-01 21:18:10	3862	29	6	2	2
8341	2023-05-02 13:01:31	3953	4	5	5	1
8342	2021-05-29 14:16:21	1385	60	156	63	5
8343	2021-05-24 12:42:44	9683	87	178	70	1
8344	2022-03-21 09:23:58	478	62	7	4	4
8345	2023-06-02 21:20:25	3207	57	213	85	1
8346	2020-04-23 20:08:04	9234	38	208	77	5
8347	2021-01-12 23:00:37	2947	12	7	4	3
8348	2021-04-12 20:16:03	7651	44	7	4	1
8349	2022-01-29 21:29:01	5704	49	116	43	4
8350	2021-06-15 09:30:56	1493	84	5	5	3
8351	2023-04-13 01:06:06	9026	27	98	34	4
8352	2018-04-20 03:06:36	7403	65	154	54	1
8353	2022-06-26 04:38:35	6612	69	262	96	1
8354	2021-06-30 10:09:20	1492	98	34	17	3
8355	2021-12-03 16:26:44	6602	61	9	6	3
8356	2022-01-13 16:17:40	4388	50	89	35	2
8357	2020-07-03 19:36:12	6460	64	9	6	5
8358	2023-05-07 12:39:08	4959	70	170	67	2
8359	2022-08-17 16:40:24	619	76	205	80	4
8360	2021-11-20 19:27:35	1529	28	11	1	4
8361	2023-05-30 14:18:32	3236	3	115	47	5
8362	2021-12-08 11:04:45	1266	63	208	77	2
8363	2022-05-17 05:18:03	4328	43	110	39	4
8364	2023-02-09 15:58:50	2681	68	115	47	3
8365	2022-12-20 06:21:36	7630	81	167	66	5
8366	2021-09-06 02:14:36	6460	64	130	50	3
8367	2022-12-07 03:39:26	1118	92	253	90	4
8368	2022-11-12 21:47:08	5035	54	209	76	1
8369	2018-11-05 16:18:25	237	80	208	77	3
8370	2021-10-25 11:22:24	1385	60	167	66	5
8371	2023-04-02 11:27:28	7651	44	7	4	4
8372	2022-06-28 13:37:13	4388	50	23	15	4
8373	2021-08-29 04:53:44	2481	100	248	91	2
8374	2017-02-02 14:04:51	13	24	236	88	4
8375	2022-02-28 08:39:34	8268	16	188	72	3
8376	2023-04-30 07:32:13	8312	13	116	43	3
8377	2020-07-23 13:48:22	1118	92	66	23	4
8378	2019-07-15 16:41:24	1385	60	200	79	5
8379	2023-06-04 11:46:16	1118	92	110	40	1
8380	2020-11-23 19:18:57	2040	14	7	4	1
8381	2023-01-18 15:49:24	13	24	5	5	2
8382	2020-05-27 18:15:38	3207	57	191	75	1
8383	2023-01-13 12:12:57	5100	88	253	90	2
8384	2022-11-11 14:08:21	1118	92	209	76	4
8385	2020-07-18 10:46:02	1914	77	59	27	3
8386	2023-05-22 14:43:50	2570	45	156	64	4
8387	2023-04-05 02:48:59	2022	41	170	67	5
8388	2017-05-09 13:31:20	2466	2	52	19	1
8389	2020-07-16 23:48:21	3953	4	115	46	2
8390	2023-02-05 06:52:28	6660	59	34	17	5
8391	2022-11-25 13:05:50	5704	49	248	91	5
8392	2023-05-12 18:10:31	2022	41	170	67	3
8393	2023-04-29 12:37:54	8108	22	13	10	5
8394	2023-04-30 20:01:17	5952	30	7	4	2
8395	2022-11-04 18:35:53	3070	39	262	96	2
8396	2023-02-28 14:01:06	401	97	191	75	2
8397	2020-06-27 05:01:08	1529	28	11	1	3
8398	2022-06-01 03:34:05	6647	67	36	18	1
8399	2021-12-04 10:36:28	4423	32	248	91	4
8400	2022-07-14 07:56:09	1407	56	130	50	4
8401	2020-05-13 18:03:06	4388	50	188	72	2
8402	2019-07-10 02:47:57	7295	53	115	46	1
8403	2020-06-13 08:46:27	6460	64	218	84	1
8404	2020-04-08 21:41:19	2466	2	129	49	3
8405	2018-08-17 11:58:14	9779	6	79	31	2
8406	2021-05-13 09:54:48	9734	52	7	4	1
8407	2019-07-08 17:12:42	9683	87	178	69	3
8408	2021-11-10 12:12:43	3862	29	116	43	5
8409	2023-01-05 10:15:08	1213	46	188	72	5
8410	2020-06-21 01:31:19	6024	96	7	4	1
8411	2022-05-11 14:25:41	4388	50	67	29	5
8412	2022-05-20 21:23:59	7136	48	214	83	2
8413	2022-09-05 23:15:03	7630	81	266	99	3
8414	2023-02-12 22:43:26	4328	43	253	90	5
8415	2020-10-24 20:20:25	3636	71	105	41	5
8416	2021-07-24 03:44:32	2570	45	156	63	5
8417	2022-06-08 20:08:44	2022	41	5	5	5
8418	2023-06-02 21:05:02	675	21	154	55	3
8419	2021-10-01 10:34:26	446	15	130	50	3
8420	2023-04-12 13:36:05	9026	27	98	34	1
8421	2019-07-13 21:24:34	6602	61	218	84	3
8422	2023-04-07 09:04:11	6024	96	205	80	1
8423	2023-03-29 17:08:33	7136	48	115	47	4
8424	2019-10-15 05:47:02	7630	81	79	32	3
8425	2022-12-31 00:45:30	3390	82	13	10	4
8426	2017-05-31 17:15:41	4423	32	248	91	2
8427	2021-03-16 21:35:12	1868	25	97	37	5
8428	2022-10-22 02:22:02	7812	5	6	2	5
8429	2023-05-24 09:29:49	2176	11	205	80	4
8430	2021-02-24 07:00:02	5343	90	184	68	2
8431	2022-05-17 20:16:27	1481	94	164	61	5
8432	2023-04-27 06:19:56	1407	56	262	96	5
8433	2023-05-28 19:51:20	1739	51	59	28	4
8434	2022-10-02 23:39:00	7651	44	7	4	3
8435	2021-07-18 05:34:04	9003	34	254	94	4
8436	2020-09-27 11:46:41	3299	75	223	86	4
8437	2020-05-22 02:46:54	619	76	7	4	4
8438	2022-01-02 08:45:25	6412	23	214	83	4
8439	2020-03-22 20:13:53	2644	1	13	9	3
8440	2021-12-19 10:59:49	1493	84	115	46	4
8441	2018-08-19 21:40:11	8684	26	79	31	1
8442	2021-05-25 10:30:34	7136	48	203	81	1
8443	2020-07-09 23:01:02	478	62	7	4	2
8444	2021-09-24 03:50:40	7136	48	148	57	3
8445	2021-12-12 08:24:56	8268	16	199	78	2
8446	2023-05-03 10:22:12	6647	67	135	51	5
8447	2020-08-25 19:15:33	6847	40	10	3	1
8448	2022-06-09 10:44:26	6602	61	9	6	4
8449	2021-05-11 04:17:34	7295	53	214	83	4
8450	2021-09-20 15:03:20	4959	70	214	83	2
8451	2023-03-28 18:39:14	1493	84	115	47	3
8452	2020-10-19 07:23:54	401	97	235	89	5
8453	2022-12-21 23:07:18	2681	68	236	88	4
8454	2023-04-21 02:38:46	8289	86	98	34	4
8455	2023-02-08 18:04:07	1407	56	262	96	3
8456	2021-04-13 23:32:40	5704	49	105	41	5
8457	2023-06-02 16:53:56	7403	65	154	55	3
8458	2021-06-05 21:34:51	8684	26	156	63	2
8459	2022-11-24 21:00:09	1739	51	147	58	2
8460	2016-10-22 23:01:59	5100	88	22	8	4
8461	2022-02-05 04:55:03	528	33	61	24	4
8462	2023-02-03 06:28:27	5035	54	154	54	1
8463	2020-01-05 23:23:38	1914	77	191	75	2
8464	2022-08-25 18:13:06	8108	22	266	99	2
8465	2022-08-30 19:22:48	4090	74	214	83	2
8466	2016-04-17 19:53:43	1407	56	53	22	3
8467	2019-09-18 12:32:21	9779	6	79	32	1
8468	2022-06-24 12:20:35	4419	91	256	95	3
8469	2020-04-02 00:17:01	2310	20	261	92	2
8470	2022-09-04 08:10:04	9611	19	90	36	3
8471	2023-01-16 04:08:44	446	15	97	37	4
8472	2022-10-11 04:24:40	2034	10	276	100	2
8473	2023-05-22 01:03:48	6847	40	98	34	5
8474	2016-09-10 05:26:26	1213	46	111	44	4
8475	2021-07-23 01:20:52	1492	98	188	72	1
8476	2020-06-02 14:50:12	6412	23	115	46	2
8477	2023-05-13 22:31:37	4328	43	154	55	3
8478	2023-04-07 13:07:50	4090	74	170	67	2
8479	2021-12-08 10:04:58	2040	14	7	4	5
8480	2019-01-21 12:02:48	9266	36	30	13	3
8481	2022-12-29 19:06:10	619	76	205	80	1
8482	2021-02-09 01:30:51	8770	18	7	4	1
8483	2017-07-29 10:18:14	7716	42	52	19	1
8484	2021-09-11 21:52:22	6412	23	148	57	5
8485	2022-06-17 17:52:35	6602	61	262	96	5
8486	2018-09-01 09:56:12	6647	67	14	11	5
8487	2017-02-23 05:03:01	5947	9	22	8	5
8488	2019-07-15 06:52:38	9779	6	178	69	1
8489	2016-04-17 22:32:44	8684	26	200	79	4
8490	2021-02-09 02:34:30	5100	88	99	33	3
8491	2022-06-16 00:21:29	1407	56	130	50	5
8492	2021-10-18 01:57:33	5384	35	11	1	2
8493	2023-05-18 21:51:43	2867	66	213	85	3
8494	2023-04-26 19:40:46	3636	71	6	2	1
8495	2021-08-31 10:52:06	7630	81	156	63	1
8496	2021-05-05 02:49:04	2075	31	5	5	2
8497	2023-06-04 12:27:42	1739	51	213	85	5
8498	2022-06-17 09:32:12	6460	64	130	50	1
8499	2022-11-10 17:33:22	5035	54	253	90	5
8500	2019-08-18 03:56:10	2532	47	151	53	5
8501	2022-06-29 02:39:33	3390	82	79	32	4
8502	2023-03-16 23:07:33	1385	60	13	10	3
8503	2023-01-17 04:33:33	528	33	61	24	2
8504	2019-11-17 23:56:08	6602	61	53	22	1
8505	2021-11-02 11:22:15	3070	39	130	50	5
8506	2022-10-27 21:43:32	1481	94	164	61	4
8507	2022-06-29 17:27:40	9234	38	164	61	5
8508	2016-08-14 17:24:15	528	33	248	91	4
8509	2017-06-15 14:40:00	7716	42	52	19	4
8510	2023-04-02 08:13:39	369	93	10	3	3
8511	2016-03-06 17:18:54	2310	20	261	92	2
8512	2021-09-20 23:17:58	2310	20	184	68	3
8513	2018-07-04 07:28:32	8268	16	188	71	4
8514	2023-02-28 04:44:32	1704	89	7	4	4
8515	2020-07-02 17:03:14	675	21	209	76	2
8516	2022-06-12 14:54:44	1118	92	99	33	2
8517	2019-01-25 00:01:48	1914	77	191	74	4
8518	2023-05-28 23:55:00	7403	65	110	40	3
8519	2020-12-10 08:26:56	7812	5	61	24	5
8520	2019-03-01 03:23:32	7295	53	203	81	3
8521	2022-07-29 16:21:13	3299	75	113	45	5
8522	2020-09-11 17:23:11	4375	55	148	57	1
8523	2020-10-23 14:10:17	8268	16	199	78	4
8524	2021-09-01 14:25:29	8312	13	116	43	2
8525	2023-05-03 09:20:12	8020	95	98	34	1
8526	2018-05-31 21:05:40	9611	19	79	31	1
8527	2023-02-28 06:55:56	9699	78	52	20	1
8528	2020-04-11 21:50:27	528	33	105	41	3
8529	2016-06-14 13:07:57	5343	90	261	92	5
8530	2022-08-24 17:32:56	619	76	205	80	1
8531	2021-05-12 13:42:12	2034	10	254	94	4
8532	2023-06-05 15:18:40	1481	94	32	14	5
8533	2018-09-16 10:13:13	2867	66	191	74	5
8534	2019-12-05 20:51:52	8312	13	248	91	1
8535	2018-04-25 14:04:25	7729	72	261	92	5
8536	2023-05-30 15:41:34	1213	46	89	35	4
8537	2022-09-27 17:09:13	2532	47	272	97	4
8538	2020-06-10 22:21:36	6647	67	146	56	2
8539	2017-10-21 01:02:30	7729	72	129	49	1
8540	2022-11-07 15:05:31	3236	3	5	5	4
8541	2022-11-02 12:56:48	1213	46	111	44	2
8542	2023-02-10 14:36:26	5947	9	110	40	5
8543	2018-02-11 14:57:44	1385	60	79	31	1
8544	2022-11-24 03:53:43	7812	5	160	60	4
8545	2023-05-30 16:39:42	369	93	32	14	2
8546	2020-07-28 15:29:25	5343	90	52	20	5
8547	2022-05-24 15:26:25	2310	20	19	7	2
8548	2023-05-23 09:58:17	9266	36	272	98	2
8549	2021-08-12 19:38:31	6602	61	9	6	3
8550	2022-11-10 12:32:21	2570	45	266	99	3
8551	2023-04-16 03:12:30	13	24	115	47	3
8552	2022-02-24 10:54:04	446	15	262	96	3
8553	2022-07-28 01:20:07	2867	66	191	75	1
8554	2023-02-18 21:01:09	8770	18	205	80	4
8555	2022-05-27 06:13:45	2867	66	147	58	1
8556	2020-11-07 14:00:14	2947	12	7	4	1
8557	2023-03-17 06:40:27	2481	100	6	2	2
8558	2022-12-14 03:47:24	9683	87	13	10	3
8559	2022-10-25 08:28:23	2947	12	205	80	3
8560	2018-10-10 07:32:33	6602	61	218	84	3
8561	2021-02-13 00:45:23	237	80	10	3	2
8562	2021-04-18 11:33:47	2644	1	156	63	2
8563	2022-08-26 14:22:51	1868	25	9	6	2
8564	2017-11-05 06:59:22	8108	22	13	9	4
8565	2021-06-20 10:36:28	3323	7	203	81	3
8566	2023-05-27 11:22:26	9026	27	32	14	4
8567	2022-04-12 02:19:03	5035	54	110	39	2
8568	2021-10-30 06:39:34	6130	79	162	59	5
8569	2020-10-04 12:41:29	6660	59	188	72	1
8570	2023-01-25 08:36:23	5991	17	61	24	5
8571	2023-04-06 18:17:53	7136	48	148	57	3
8572	2021-08-10 22:24:59	2310	20	162	59	2
8573	2021-11-09 01:27:55	9611	19	156	64	5
8574	2017-06-26 10:10:21	1492	98	188	71	3
8575	2023-06-03 11:55:36	6847	40	98	34	2
8576	2015-10-20 01:43:18	2034	10	188	71	2
8577	2022-05-19 02:36:56	2481	100	6	2	1
8578	2023-04-24 15:48:58	4328	43	154	55	5
8579	2020-10-02 07:45:23	1914	77	59	27	4
8580	2021-08-05 16:28:48	1213	46	254	94	5
8581	2023-04-06 07:03:19	3323	7	115	47	3
8582	2023-01-21 07:40:25	3299	75	212	82	3
8583	2022-01-12 18:50:40	2040	14	7	4	5
8584	2020-08-20 06:42:51	4959	70	115	46	2
8585	2020-05-13 15:56:44	1704	89	7	4	5
8586	2022-02-12 16:52:46	9611	19	156	64	2
8587	2022-10-07 18:54:16	6460	64	97	37	4
8588	2023-02-25 04:56:59	2176	11	205	80	4
8589	2023-03-25 09:56:30	1492	98	23	15	3
8590	2021-09-05 02:37:06	7542	85	116	43	2
8591	2023-04-12 06:20:32	7716	42	19	7	5
8592	2022-07-21 18:41:27	6847	40	164	61	3
8593	2022-02-08 14:57:49	7812	5	116	43	2
8594	2019-03-02 05:05:00	5343	90	129	49	2
8595	2019-07-28 12:54:27	7542	85	61	24	5
8596	2022-08-21 06:38:58	2947	12	205	80	1
8597	2020-04-18 22:18:02	8108	22	57	26	5
8598	2022-08-14 12:19:20	13	24	214	83	4
8599	2021-06-20 02:45:47	5991	17	248	91	1
8600	2022-07-20 03:36:45	6647	67	212	82	5
8601	2022-11-10 23:30:12	2947	12	205	80	4
8602	2022-09-18 19:22:02	7812	5	160	60	2
8603	2023-02-27 16:51:48	2040	14	205	80	3
8604	2023-05-18 23:07:47	9003	34	34	17	1
8605	2022-10-25 20:26:49	4388	50	56	25	1
8606	2020-08-28 16:11:26	2570	45	200	79	3
8607	2023-05-24 15:18:20	237	80	98	34	5
8608	2022-06-05 22:54:59	1704	89	7	4	4
8609	2023-05-26 06:20:07	6847	40	32	14	1
8610	2022-11-23 19:40:25	1493	84	115	46	5
8611	2019-07-09 03:42:35	8108	22	178	69	1
8612	2017-02-12 21:54:38	7812	5	248	91	2
8613	2022-08-14 10:38:29	8020	95	164	61	3
8614	2021-07-24 22:33:51	8865	99	5	5	2
8615	2021-01-15 11:51:14	2416	83	7	4	1
8616	2022-06-18 06:10:48	4622	8	116	43	4
8617	2022-10-10 00:03:52	2867	66	191	75	1
8618	2022-12-28 10:01:50	2075	31	115	47	2
8619	2023-02-21 02:26:40	6847	40	164	61	1
8620	2023-05-08 23:47:08	4090	74	170	67	4
8621	2021-01-11 09:00:10	5704	49	105	41	5
8622	2017-11-13 17:27:55	2532	47	52	19	4
8623	2019-05-31 07:52:15	6431	37	36	18	4
8624	2022-01-11 04:57:04	2416	83	7	4	5
8625	2020-08-21 17:16:45	619	76	7	4	4
8626	2022-08-18 22:41:13	2644	1	266	99	1
8627	2020-08-06 08:56:15	1739	51	59	27	3
8628	2023-04-10 00:42:02	4090	74	115	47	2
8629	2016-12-23 08:01:53	2532	47	52	19	5
8630	2020-09-05 18:17:50	4090	74	115	46	1
8631	2022-12-12 14:39:05	4090	74	148	57	5
8632	2023-02-22 05:53:35	6660	59	56	25	3
8633	2021-02-16 22:48:10	5343	90	151	53	3
8634	2021-06-20 19:24:19	6460	64	97	37	4
8635	2020-12-30 02:36:15	6412	23	115	46	4
8636	2022-10-05 05:23:20	369	93	164	61	3
8637	2023-05-20 19:08:39	6431	37	25	16	4
8638	2020-10-23 21:35:56	564	73	115	46	4
8639	2019-09-17 00:58:14	6130	79	151	53	4
8640	2021-10-25 15:58:50	1385	60	167	66	4
8641	2022-07-15 12:59:21	7542	85	116	43	2
8642	2022-10-25 12:28:37	6431	37	256	95	4
8643	2020-09-19 11:06:02	8684	26	178	70	4
8644	2023-03-28 10:47:57	7729	72	52	20	2
8645	2023-05-27 03:35:08	13	24	115	47	4
8646	2021-04-30 01:41:00	9779	6	156	63	5
8647	2021-10-25 03:17:42	5035	54	154	54	1
8648	2021-06-19 18:10:05	6024	96	7	4	2
8649	2023-03-26 10:59:56	3323	7	5	5	5
8650	2017-10-26 15:05:28	1868	25	218	84	2
8651	2023-05-18 14:21:58	2075	31	214	83	3
8652	2016-01-29 07:36:18	5343	90	52	19	2
8653	2020-06-29 07:47:47	7295	53	115	46	3
8654	2019-09-30 11:11:50	401	97	114	48	1
8655	2023-03-01 10:57:09	7403	65	110	40	4
8656	2018-12-24 13:00:16	369	93	208	77	5
8657	2022-08-20 09:32:18	9734	52	7	4	4
8658	2022-06-12 21:43:00	5384	35	154	54	2
8659	2022-09-22 10:36:27	2176	11	205	80	4
8660	2021-11-23 11:51:59	3236	3	148	57	3
8661	2020-05-11 11:03:00	6602	61	53	22	4
8662	2019-03-26 21:35:36	2867	66	191	74	5
8663	2021-07-09 12:45:17	5035	54	264	93	2
8664	2022-06-25 09:44:23	2466	2	129	49	1
8665	2023-01-25 13:08:55	4090	74	115	47	4
8666	2022-11-12 04:54:50	446	15	97	37	5
8667	2022-11-08 04:44:38	675	21	264	93	1
8668	2020-10-24 04:21:20	1407	56	141	52	5
8669	2021-11-19 14:33:11	564	73	115	46	4
8670	2020-05-30 15:26:31	4622	8	248	91	5
8671	2020-07-28 04:37:46	1529	28	154	54	2
8672	2022-08-26 22:10:02	7295	53	115	46	5
8673	2022-09-02 14:41:24	13	24	5	5	1
8674	2015-12-03 07:04:06	9266	36	272	97	5
8675	2022-10-25 09:58:26	7812	5	6	2	3
8676	2018-08-21 21:06:29	1914	77	114	48	1
8677	2016-10-31 04:39:23	528	33	248	91	2
8678	2022-12-27 00:54:15	5704	49	160	60	4
8679	2023-05-26 03:56:55	1266	63	164	61	5
8680	2020-06-18 12:51:34	4090	74	148	57	1
8681	2021-07-18 12:14:36	6647	67	135	51	5
8682	2023-05-28 02:21:40	1481	94	98	34	4
8683	2020-12-07 12:44:39	13	24	236	88	2
8684	2022-05-20 20:25:24	619	76	7	4	1
8685	2022-08-08 14:23:51	401	97	191	75	2
8686	2019-09-23 13:58:33	2481	100	105	41	4
8687	2022-05-04 00:07:17	4959	70	214	83	4
8688	2018-07-30 17:25:43	1492	98	188	71	2
8689	2023-01-31 15:19:46	9611	19	266	99	4
8690	2023-04-26 04:36:50	1529	28	154	55	4
8691	2022-10-21 17:53:38	4959	70	115	46	5
8692	2019-03-28 08:37:18	8268	16	111	44	2
8693	2017-07-21 09:06:42	7295	53	236	88	1
8694	2022-06-02 21:34:32	6612	69	130	50	1
8695	2023-01-25 15:26:51	5343	90	162	59	4
8696	2022-05-12 12:26:53	4328	43	110	39	5
8697	2020-12-30 08:07:17	9266	36	184	68	4
8698	2022-08-02 04:26:46	8108	22	79	32	3
8699	2023-05-26 01:10:30	2034	10	56	25	3
8700	2020-02-09 06:32:04	3953	4	5	5	4
8701	2020-11-02 02:53:08	1529	28	99	33	1
8702	2022-05-05 06:53:43	6847	40	10	3	1
8703	2021-04-23 00:12:26	6412	23	5	5	4
8704	2021-03-02 18:14:49	9779	6	167	66	1
8705	2023-01-24 15:20:31	7542	85	61	24	3
8706	2019-12-26 07:17:40	8684	26	178	70	5
8707	2022-05-24 23:18:39	3236	3	5	5	5
8708	2021-08-15 01:47:11	369	93	10	3	1
8709	2023-04-05 10:48:53	3323	7	115	47	4
8710	2020-02-23 03:13:27	7542	85	61	24	1
8711	2022-03-07 02:16:05	4959	70	214	83	1
8712	2022-03-23 19:20:25	6647	67	36	18	3
8713	2023-04-19 11:05:24	675	21	154	55	3
8714	2021-02-15 15:37:43	9734	52	7	4	1
8715	2016-12-21 02:04:16	1529	28	242	87	3
8716	2023-02-04 06:24:19	8312	13	6	2	5
8717	2022-12-11 05:49:03	5343	90	118	42	3
8718	2022-12-07 00:33:06	7716	42	162	59	1
8719	2021-11-20 21:28:45	446	15	262	96	1
8720	2020-02-15 16:31:25	5704	49	105	41	2
8721	2022-09-10 08:44:23	401	97	59	28	2
8722	2022-02-07 04:06:27	369	93	208	77	1
8723	2022-04-10 02:27:39	1868	25	97	37	3
8724	2022-10-31 15:57:21	237	80	164	61	2
8725	2018-12-05 17:00:33	5343	90	129	49	1
8726	2021-02-26 07:52:52	2310	20	19	7	4
8727	2021-08-05 10:45:46	1914	77	191	75	4
8728	2017-07-01 13:23:38	5035	54	22	8	2
8729	2021-12-01 21:29:01	1868	25	130	50	5
8730	2021-04-12 11:31:25	4090	74	203	81	5
8731	2016-04-26 05:57:14	9003	34	34	17	5
8732	2022-09-22 18:40:56	3236	3	148	57	5
8733	2019-07-08 11:26:01	8020	95	208	77	2
8734	2020-08-16 18:30:20	401	97	59	27	2
8735	2020-07-12 20:07:24	4959	70	148	57	1
8736	2022-10-04 21:52:48	1118	92	11	1	5
8737	2023-02-01 09:10:19	6660	59	276	100	5
8738	2019-11-21 22:06:17	6431	37	14	11	3
8739	2022-10-28 00:19:16	1704	89	205	80	1
8740	2022-08-25 08:01:36	446	15	97	37	2
8741	2022-09-27 16:08:56	8770	18	7	4	2
8742	2022-09-23 21:41:14	6660	59	276	100	5
8743	2021-12-09 01:21:54	6431	37	190	73	5
8744	2021-09-19 07:02:18	1704	89	7	4	1
8745	2023-04-04 18:37:04	3323	7	170	67	1
8746	2023-01-19 11:10:51	5952	30	205	80	2
8747	2019-07-30 23:17:50	3390	82	178	69	4
8748	2019-01-25 12:56:34	6647	67	223	86	5
8749	2022-05-18 23:20:48	5991	17	116	43	5
8750	2016-09-08 03:12:55	1492	98	188	71	1
8751	2023-04-17 23:17:41	8128	58	105	41	1
8752	2022-12-11 19:49:55	2176	11	7	4	1
8753	2023-02-22 02:43:31	6412	23	115	47	3
8754	2022-11-11 11:04:46	3862	29	160	60	4
8755	2023-03-01 12:34:46	2416	83	205	80	1
8756	2021-03-08 03:05:20	8108	22	156	63	1
8757	2021-05-08 17:27:42	6130	79	19	7	5
8758	2021-08-16 10:13:02	8684	26	178	70	2
8759	2019-10-22 00:19:10	1385	60	79	32	3
8760	2020-12-15 17:35:37	4959	70	5	5	5
8761	2022-04-29 11:40:27	3236	3	115	46	4
8762	2020-05-06 14:10:19	2644	1	57	26	4
8763	2023-06-02 16:22:07	13	24	148	57	4
8764	2020-01-14 04:37:26	3299	75	146	56	5
8765	2020-05-22 16:16:09	6412	23	148	57	5
8766	2018-05-24 15:10:14	2310	20	52	20	3
8767	2023-02-01 03:25:22	2947	12	205	80	2
8768	2022-03-24 19:07:36	6460	64	97	37	3
8769	2022-06-07 05:40:50	8128	58	6	2	1
8770	2019-11-11 19:26:31	6612	69	9	6	5
8771	2023-04-09 14:30:54	9026	27	164	61	4
8772	2020-06-22 23:20:05	237	80	10	3	1
8773	2019-01-17 05:33:26	4423	32	61	24	2
8774	2023-04-13 13:28:01	2481	100	105	41	1
8775	2022-07-15 02:52:51	7812	5	6	2	5
8776	2023-05-14 19:48:44	619	76	205	80	2
8777	2022-05-14 04:26:48	7729	72	173	65	2
8778	2023-04-28 06:49:57	9734	52	205	80	1
8779	2022-01-27 21:49:52	6612	69	262	96	1
8780	2018-04-09 19:55:53	2310	20	129	49	4
8781	2022-10-24 00:01:27	5704	49	61	24	1
8782	2022-04-10 08:02:31	1529	28	110	39	5
8783	2023-05-24 21:53:55	9611	19	266	99	4
8784	2021-11-29 21:27:15	3953	4	214	83	3
8785	2022-11-11 00:44:49	2947	12	205	80	5
8786	2019-11-01 17:10:46	9699	78	261	92	3
8787	2021-07-03 17:36:28	6024	96	7	4	1
8788	2021-12-25 22:03:05	6612	69	97	37	2
8789	2023-04-21 07:14:22	2075	31	115	47	3
8790	2022-11-21 04:20:00	3299	75	14	12	5
8791	2020-05-15 19:41:10	8020	95	10	3	1
8792	2019-01-12 06:13:32	9699	78	52	20	4
8793	2022-07-22 14:37:01	3070	39	141	52	3
8794	2022-01-22 04:22:30	5343	90	184	68	4
8795	2019-12-25 13:02:22	9699	78	272	97	5
8796	2021-07-05 08:13:55	675	21	99	33	3
8797	2017-05-26 17:03:34	7716	42	261	92	5
8798	2022-06-24 21:01:28	2570	45	156	64	1
8799	2020-05-08 18:20:54	401	97	114	48	2
8800	2020-03-05 04:08:09	2176	11	7	4	1
8801	2019-07-12 09:09:56	4419	91	223	86	3
8802	2020-05-26 08:48:37	4423	32	248	91	5
8803	2022-10-11 09:55:49	2022	41	214	83	1
8804	2021-03-05 22:01:49	1914	77	114	48	1
8805	2022-01-29 22:46:18	9699	78	118	42	3
8806	2017-11-19 19:37:58	2570	45	13	9	1
8807	2023-06-02 14:06:26	5384	35	154	55	2
8808	2019-04-09 14:18:49	4622	8	61	24	3
8809	2022-11-07 16:59:03	1213	46	188	72	4
8810	2021-03-31 06:15:47	9234	38	208	77	3
8811	2017-11-14 17:05:47	6612	69	53	22	5
8812	2020-09-04 05:33:50	2075	31	115	46	5
8813	2021-09-18 21:42:10	9779	6	156	63	5
8814	2022-05-21 04:44:28	7651	44	7	4	2
8815	2023-01-23 12:25:26	4959	70	115	47	2
8816	2017-01-02 08:22:56	2644	1	200	79	4
8817	2022-06-15 00:35:20	446	15	97	37	5
8818	2017-10-04 17:27:06	5343	90	52	19	1
8819	2021-03-24 16:14:03	2176	11	7	4	1
8820	2022-06-09 14:53:00	7295	53	236	88	2
8821	2019-06-17 06:35:52	1493	84	148	57	1
8822	2019-10-09 09:03:26	7136	48	115	46	2
8823	2023-04-12 22:27:10	237	80	98	34	1
8824	2019-07-24 03:13:21	9611	19	178	69	1
8825	2022-12-05 17:13:25	2570	45	13	10	3
8826	2019-07-01 22:18:35	7630	81	178	69	2
8827	2021-06-28 08:50:25	3636	71	105	41	2
8828	2021-12-14 00:05:13	6612	69	130	50	3
8829	2021-03-01 13:41:03	9683	87	156	63	1
8830	2021-06-26 05:40:22	4959	70	214	83	1
8831	2021-10-29 06:09:56	2481	100	116	43	2
8832	2021-05-19 11:43:55	446	15	97	37	1
8833	2023-04-03 00:18:18	1704	89	205	80	2
8834	2022-12-13 03:17:25	478	62	7	4	5
8835	2023-04-21 09:32:15	4090	74	170	67	5
8836	2019-09-27 01:30:18	8020	95	10	3	5
8837	2019-03-19 09:33:17	3862	29	61	24	3
8838	2022-04-11 07:12:01	1914	77	147	58	1
8839	2020-07-20 21:04:05	1868	25	218	84	5
8840	2022-10-02 07:57:07	2040	14	205	80	3
8841	2022-11-06 02:01:36	2310	20	118	42	2
8842	2022-10-05 16:24:24	675	21	110	40	4
8843	2020-04-07 10:00:05	564	73	148	57	1
8844	2015-09-16 08:08:22	1492	98	188	71	2
8845	2020-01-04 01:10:50	1492	98	34	17	2
8846	2019-06-22 03:07:50	9699	78	52	20	4
8847	2021-06-17 11:16:44	1704	89	7	4	3
8848	2023-02-20 13:15:42	6612	69	9	6	5
8849	2022-08-03 08:21:59	8268	16	89	35	4
8850	2022-06-30 03:42:13	2867	66	147	58	3
8851	2020-09-24 22:57:06	4423	32	61	24	4
8852	2021-04-03 08:09:00	5100	88	264	93	4
8853	2022-07-24 02:15:01	6431	37	113	45	1
8854	2023-03-25 19:59:01	5991	17	61	24	5
8855	2022-12-11 13:00:16	6647	67	14	12	2
8856	2021-07-19 14:38:44	6460	64	53	22	4
8857	2021-09-26 07:18:18	1213	46	199	78	3
8858	2023-05-05 15:02:02	8128	58	160	60	1
8859	2021-10-05 06:08:52	6412	23	236	88	4
8860	2016-12-16 10:39:48	401	97	191	74	3
8861	2022-02-13 17:21:00	7295	53	148	57	1
8862	2021-11-07 07:16:59	619	76	7	4	1
8863	2019-05-08 08:27:14	8020	95	208	77	2
8864	2020-06-17 15:31:06	1213	46	23	15	4
8865	2017-03-23 14:04:02	4419	91	14	11	5
8866	2022-09-02 23:38:55	7729	72	52	20	2
8867	2022-06-21 06:02:18	369	93	208	77	2
8868	2023-04-27 16:05:20	1266	63	98	34	5
8869	2023-01-24 20:22:34	8312	13	61	24	5
8870	2022-09-25 07:14:05	9026	27	164	61	1
8871	2016-08-12 23:56:00	2681	68	236	88	5
8872	2022-03-02 14:40:13	2867	66	59	27	1
8873	2023-02-24 05:09:11	401	97	147	58	4
8874	2022-10-15 01:35:17	5952	30	205	80	5
8875	2018-02-06 23:35:50	1385	60	79	31	2
8876	2023-04-02 18:50:07	2022	41	170	67	1
8877	2022-01-09 22:32:03	6460	64	97	37	2
8878	2022-10-06 05:06:44	5947	9	11	1	5
8879	2023-01-07 22:51:22	675	21	110	40	1
8880	2022-01-15 08:42:01	9003	34	199	78	2
8881	2015-08-25 23:54:33	1492	98	188	71	4
8882	2019-07-04 15:06:56	2570	45	178	69	1
8883	2023-01-08 07:37:32	9734	52	205	80	2
8884	2020-04-21 01:55:40	675	21	154	54	1
8885	2023-04-22 16:54:39	7651	44	205	80	2
8886	2022-10-06 12:42:29	2416	83	205	80	1
8887	2020-07-19 20:55:49	3207	57	114	48	2
8888	2021-02-14 14:13:35	6647	67	14	11	3
8889	2019-12-21 12:43:56	7403	65	66	23	5
8890	2022-04-25 07:50:32	9003	34	155	62	2
8891	2021-09-09 06:36:00	3207	57	59	27	4
8892	2018-12-29 20:05:32	4423	32	248	91	2
8893	2023-04-03 14:46:16	5343	90	184	68	4
8894	2021-08-26 04:42:58	3862	29	116	43	1
8895	2018-11-24 15:50:40	1493	84	203	81	4
8896	2022-12-01 05:26:36	6660	59	89	35	4
8897	2021-07-17 21:00:07	1385	60	178	70	2
8898	2020-02-19 14:19:58	1481	94	10	3	4
8899	2022-09-24 00:05:07	7651	44	7	4	3
8900	2021-10-02 02:01:53	9003	34	188	72	5
8901	2023-02-15 14:31:37	1481	94	164	61	1
8902	2022-08-12 01:23:09	9683	87	90	36	2
8903	2020-02-15 21:38:53	528	33	248	91	1
8904	2015-08-27 13:36:51	1529	28	22	8	1
8905	2022-02-24 03:36:34	1492	98	89	35	3
8906	2019-05-01 00:36:22	7542	85	61	24	3
8907	2021-12-07 15:09:59	2075	31	203	81	3
8908	2019-05-12 17:35:48	675	21	22	8	3
8909	2019-08-09 13:58:51	9234	38	10	3	3
8910	2023-05-31 15:08:11	3390	82	13	10	2
8911	2023-05-21 06:18:21	6412	23	170	67	1
8912	2023-02-05 13:59:54	6431	37	14	12	3
8913	2020-01-24 18:54:06	619	76	7	4	3
8914	2022-11-01 20:00:45	1213	46	89	35	1
8915	2020-05-01 13:40:14	478	62	7	4	3
8916	2022-02-09 07:26:44	6602	61	262	96	3
8917	2020-05-01 02:26:14	9699	78	184	68	3
8918	2021-02-01 08:09:46	9611	19	13	9	4
8919	2021-02-21 00:33:51	6130	79	19	7	2
8920	2023-03-30 20:06:27	3953	4	170	67	5
8921	2016-05-08 19:02:55	1529	28	242	87	5
8922	2023-05-23 02:53:07	9234	38	98	34	5
8923	2021-03-06 04:48:24	2570	45	200	79	5
8924	2021-09-02 06:33:19	8128	58	116	43	3
8925	2018-11-13 08:36:49	6602	61	218	84	2
8926	2020-10-30 23:54:40	2022	41	203	81	1
8927	2022-03-08 14:19:27	8289	86	164	61	1
8928	2021-02-21 08:15:28	7729	72	162	59	4
8929	2021-03-26 13:32:54	2481	100	61	24	5
8930	2022-10-20 11:00:03	9699	78	272	97	4
8931	2021-04-06 18:35:22	6647	67	190	73	2
8932	2018-06-11 14:48:00	6460	64	141	52	1
8933	2021-09-29 15:13:05	7729	72	261	92	3
8934	2022-05-09 16:24:28	9779	6	90	36	5
8935	2022-06-21 22:35:21	8108	22	79	32	5
8936	2021-11-14 02:11:41	1704	89	7	4	4
8937	2023-01-12 18:14:36	6602	61	141	52	4
8938	2016-05-04 16:04:56	5343	90	129	49	3
8939	2019-12-17 08:49:35	6612	69	53	22	5
8940	2020-02-28 16:27:50	8108	22	167	66	1
8941	2019-02-12 06:12:07	8268	16	155	62	3
8942	2023-01-05 19:34:22	5952	30	205	80	5
8943	2023-04-29 07:38:53	5991	17	6	2	3
8944	2022-05-12 08:57:05	6024	96	7	4	2
8945	2021-04-10 09:53:24	6130	79	162	59	3
8946	2021-12-08 04:38:14	1213	46	254	94	2
8947	2023-06-01 12:47:58	1481	94	32	14	4
8948	2020-08-05 02:22:57	2040	14	7	4	3
8949	2016-07-27 02:55:29	5947	9	22	8	3
8950	2023-01-21 18:23:20	9003	34	254	94	3
8951	2023-03-05 22:58:30	3390	82	156	64	2
8952	2017-08-19 18:48:49	2570	45	57	26	5
8953	2021-02-26 04:07:46	4423	32	105	41	1
8954	2017-09-23 06:03:57	3236	3	236	88	1
8955	2023-02-21 09:36:34	3299	75	256	95	1
8956	2022-08-24 10:40:10	3390	82	13	10	3
8957	2020-12-21 05:48:28	4959	70	115	46	3
8958	2023-02-12 16:57:07	8770	18	205	80	5
8959	2021-07-01 14:53:34	1492	98	188	72	1
8960	2022-11-12 13:35:04	2416	83	205	80	2
8961	2016-05-23 22:26:37	9266	36	272	97	1
8962	2022-03-11 19:19:38	3636	71	61	24	3
8963	2022-10-06 03:37:02	8865	99	148	57	1
8964	2022-11-08 16:48:06	5991	17	116	43	1
8965	2022-10-12 14:33:22	5704	49	160	60	3
8966	2023-02-19 10:39:32	7542	85	6	2	5
8967	2021-07-22 17:39:27	9003	34	199	78	5
8968	2022-06-06 18:53:53	5952	30	7	4	5
8969	2018-12-22 04:35:12	2681	68	203	81	5
8970	2019-08-20 15:03:16	675	21	99	33	4
8971	2020-11-17 12:57:12	9234	38	208	77	4
8972	2023-01-16 14:01:10	5100	88	154	54	1
8973	2021-06-03 07:50:02	9026	27	208	77	3
8974	2023-05-25 14:31:57	5991	17	6	2	4
8975	2021-02-24 22:08:27	5343	90	162	59	2
8976	2022-11-21 19:26:33	7651	44	205	80	1
8977	2020-12-05 04:29:30	2075	31	148	57	1
8978	2020-05-31 14:32:58	3953	4	148	57	3
8979	2023-06-04 19:23:13	9234	38	32	14	2
8980	2023-02-26 21:24:17	1739	51	59	28	2
8981	2017-06-13 07:42:08	7729	72	30	13	5
8982	2018-03-17 16:06:24	6130	79	52	20	1
8983	2023-01-03 17:18:45	3070	39	97	37	2
8984	2021-06-10 18:01:39	2867	66	59	27	1
8985	2020-01-15 18:16:52	7295	53	115	46	4
8986	2022-06-23 20:04:38	528	33	116	43	4
8987	2022-05-14 12:44:53	675	21	99	33	4
8988	2023-02-28 22:50:15	3953	4	115	47	2
8989	2023-05-05 03:57:34	6024	96	205	80	1
8990	2022-08-20 21:56:06	1704	89	7	4	1
8991	2023-03-21 14:49:43	5343	90	184	68	4
8992	2022-10-22 04:55:22	5704	49	61	24	4
8993	2023-03-29 15:40:49	3323	7	115	47	5
8994	2023-01-26 12:41:57	3323	7	115	47	3
8995	2020-12-05 09:01:15	2532	47	162	59	3
8996	2022-08-11 15:06:30	1118	92	66	23	1
8997	2022-12-08 05:15:47	619	76	205	80	5
8998	2020-02-11 21:14:22	3862	29	105	41	5
8999	2017-03-12 13:03:37	2867	66	114	48	2
9000	2022-08-25 03:08:47	2040	14	205	80	2
9001	2021-10-28 12:18:29	7136	48	203	81	3
9002	2019-04-13 20:05:46	6431	37	223	86	1
9003	2022-05-03 13:10:00	4375	55	214	83	3
9004	2023-01-10 01:30:40	564	73	115	47	1
9005	2019-01-02 03:17:49	4090	74	115	46	2
9006	2022-05-19 14:53:07	4622	8	61	24	1
9007	2023-01-15 16:59:21	237	80	164	61	2
9008	2021-03-08 01:54:44	4959	70	5	5	5
9009	2021-04-10 21:16:05	1529	28	22	8	3
9010	2020-09-02 11:08:53	9003	34	276	100	2
9011	2023-04-22 20:24:25	6412	23	170	67	3
9012	2023-04-20 05:32:32	8770	18	205	80	4
9013	2023-05-08 04:26:21	369	93	98	34	3
9014	2023-06-02 16:03:56	8020	95	32	14	4
9015	2022-12-08 16:22:48	4328	43	66	23	4
9016	2022-03-22 19:36:09	9266	36	184	68	4
9017	2020-09-15 09:20:49	2416	83	7	4	4
9018	2023-02-21 03:05:28	2947	12	7	4	3
9019	2022-07-01 23:49:44	6847	40	164	61	4
9020	2023-05-16 07:27:52	2022	41	115	47	1
9021	2022-11-30 22:04:57	2022	41	115	46	5
9022	2022-09-09 08:46:00	7812	5	248	91	5
9023	2023-02-04 16:19:42	7136	48	115	47	4
9024	2023-01-02 01:23:55	5384	35	253	90	5
9025	2022-09-24 16:38:40	3390	82	156	64	4
9026	2023-02-18 08:10:19	2040	14	7	4	5
9027	2022-05-11 15:51:30	2176	11	7	4	5
9028	2019-06-14 22:10:55	7812	5	248	91	2
9029	2022-12-17 23:58:19	1492	98	56	25	3
9030	2020-09-19 17:03:28	4375	55	5	5	1
9031	2023-01-06 03:34:57	2040	14	205	80	3
9032	2023-01-07 12:37:19	8770	18	205	80	1
9033	2023-05-30 11:44:27	6847	40	32	14	3
9034	2022-10-16 05:06:07	2532	47	261	92	4
9035	2023-05-14 06:52:55	1118	92	154	55	1
9036	2021-10-30 20:06:11	5947	9	154	54	1
9037	2021-07-24 17:50:51	3636	71	248	91	5
9038	2023-01-01 14:51:49	1529	28	110	40	4
9039	2022-09-06 18:22:09	528	33	105	41	4
9040	2021-06-06 22:48:20	6847	40	10	3	5
9041	2019-05-04 00:56:06	3070	39	141	52	3
9042	2022-12-02 12:20:57	3323	7	115	46	4
9043	2020-08-02 05:52:48	528	33	105	41	2
9044	2023-04-09 20:52:45	4959	70	170	67	3
9045	2022-03-16 13:58:59	7136	48	214	83	2
9046	2022-01-02 09:13:08	4090	74	5	5	5
9047	2020-12-30 13:16:38	7716	42	19	7	1
9048	2022-06-26 04:15:41	6431	37	212	82	1
9049	2022-10-26 02:08:06	3323	7	214	83	4
9050	2023-05-01 16:21:40	5100	88	154	55	4
9051	2022-09-13 20:25:23	2481	100	6	2	2
9052	2023-01-08 13:55:53	2034	10	56	25	3
9053	2021-11-13 03:40:43	7630	81	90	36	2
9054	2019-12-10 09:13:24	2532	47	184	68	4
9055	2023-03-02 11:51:31	6612	69	9	6	4
9056	2022-04-13 11:15:51	5947	9	110	39	4
9057	2023-04-29 06:34:02	7403	65	88	30	2
9058	2022-09-10 13:49:59	7651	44	205	80	2
9059	2023-02-16 10:23:37	8020	95	164	61	1
9060	2022-04-26 14:54:21	528	33	6	2	2
9061	2021-05-02 15:22:30	9234	38	10	3	4
9062	2020-12-15 13:00:18	5952	30	7	4	2
9063	2018-12-25 19:17:18	7295	53	236	88	4
9064	2021-03-13 20:46:01	2481	100	105	41	5
9065	2022-07-30 17:18:10	2481	100	116	43	2
9066	2019-03-09 04:47:15	5704	49	61	24	2
9067	2021-05-13 03:47:52	2040	14	7	4	3
9068	2022-01-03 17:12:25	9734	52	7	4	1
9069	2022-07-08 22:40:06	3323	7	214	83	1
9070	2021-07-11 02:20:28	7651	44	7	4	1
9071	2022-04-23 20:54:20	6660	59	199	78	3
9072	2017-10-14 08:40:39	6431	37	14	11	5
9073	2020-07-27 00:22:28	4090	74	115	46	3
9074	2022-06-20 05:11:18	1868	25	9	6	2
9075	2022-09-30 10:56:20	6847	40	164	61	1
9076	2023-06-02 06:22:10	2416	83	205	80	4
9077	2023-01-01 20:45:47	2310	20	118	42	4
9078	2019-01-21 17:30:05	3070	39	53	22	1
9079	2023-03-24 11:15:18	3636	71	160	60	3
9080	2023-02-12 08:28:06	8865	99	5	5	4
9081	2022-11-08 18:25:43	2022	41	5	5	3
9082	2018-07-31 03:27:09	8312	13	248	91	3
9083	2022-09-12 19:50:30	4423	32	105	41	4
9084	2016-11-21 20:15:26	6660	59	188	71	1
9085	2017-10-27 01:53:34	9003	34	111	44	3
9086	2023-05-27 22:21:10	369	93	32	14	1
9087	2021-10-19 11:30:59	446	15	130	50	2
9088	2023-03-18 15:15:47	9266	36	272	98	1
9089	2018-09-23 12:25:11	9699	78	52	20	2
9090	2020-01-15 09:10:18	1407	56	53	22	4
9091	2022-11-07 16:07:55	2034	10	56	25	2
9092	2018-05-31 03:48:22	1407	56	218	84	2
9093	2021-10-31 15:00:19	8289	86	208	77	1
9094	2023-05-25 06:08:07	5384	35	154	55	2
9095	2023-05-07 04:35:46	3323	7	170	67	1
9096	2022-12-01 07:11:40	8770	18	205	80	2
9097	2021-04-23 18:02:59	9683	87	79	32	5
9098	2023-01-22 02:41:31	7651	44	7	4	4
9099	2022-06-24 19:29:04	6602	61	262	96	5
9100	2017-12-21 00:19:03	7716	42	129	49	2
9101	2021-11-26 01:16:49	4328	43	242	87	2
9102	2022-11-05 09:50:47	619	76	205	80	4
9103	2022-12-12 23:29:55	5100	88	110	40	4
9104	2022-06-03 18:42:30	675	21	242	87	3
9105	2019-12-22 09:17:10	9779	6	167	66	2
9106	2023-05-31 11:31:02	2947	12	205	80	4
9107	2021-04-14 16:15:44	1118	92	110	38	5
9108	2023-01-20 02:41:58	1385	60	13	10	1
9109	2021-09-09 04:08:54	9779	6	90	36	3
9110	2022-01-19 23:47:20	8684	26	90	36	4
9111	2022-01-25 13:09:49	9266	36	184	68	2
9112	2021-05-29 00:32:51	4375	55	214	83	2
9113	2022-12-23 10:52:08	1118	92	253	90	1
9114	2023-06-01 03:01:54	9026	27	32	14	1
9115	2017-07-28 17:55:09	6130	79	129	49	4
9116	2019-08-24 13:18:19	5704	49	105	41	1
9117	2017-01-20 08:33:26	5100	88	110	38	1
9118	2022-10-30 18:46:41	6612	69	53	22	2
9119	2022-12-02 13:57:43	6660	59	56	25	3
9120	2017-12-05 20:55:48	5947	9	22	8	5
9121	2022-05-06 20:28:18	6024	96	7	4	5
9122	2022-02-27 16:29:22	7812	5	105	41	4
9123	2017-10-28 16:26:49	7403	65	66	23	1
9124	2021-09-09 19:36:50	4423	32	116	43	2
9125	2021-11-20 02:57:07	9611	19	156	64	4
9126	2022-03-09 10:00:11	8865	99	148	57	5
9127	2023-03-11 10:56:30	2040	14	205	80	5
9128	2023-06-05 05:39:43	401	97	59	28	4
9129	2016-09-11 09:47:10	1868	25	218	84	3
9130	2019-02-07 15:34:32	4090	74	236	88	3
9131	2022-04-09 12:55:45	1213	46	34	17	1
9132	2023-04-04 17:54:58	9611	19	156	64	4
9133	2023-06-05 21:41:13	9234	38	98	34	1
9134	2022-06-23 14:00:40	5343	90	19	7	1
9135	2023-05-11 05:27:15	7812	5	116	43	3
9136	2021-02-14 08:31:37	446	15	53	22	1
9137	2022-08-25 18:27:30	2176	11	205	80	4
9138	2022-04-06 18:27:32	675	21	242	87	4
9139	2017-12-21 07:41:34	8268	16	111	44	1
9140	2018-12-25 13:38:32	1213	46	23	15	5
9141	2022-12-02 15:34:27	7729	72	272	97	3
9142	2022-09-11 10:26:46	8770	18	205	80	4
9143	2022-11-13 18:56:45	9734	52	205	80	2
9144	2019-07-27 01:23:53	1266	63	10	3	5
9145	2023-05-11 20:20:05	6431	37	256	95	4
9146	2019-08-26 10:30:54	8268	16	199	78	2
9147	2023-05-11 00:35:46	5991	17	248	91	4
9148	2021-11-29 16:17:07	4622	8	105	41	1
9149	2020-10-02 16:53:37	7651	44	7	4	4
9150	2023-01-17 23:46:21	3236	3	115	47	2
9151	2020-10-11 19:46:41	8865	99	115	46	2
9152	2016-01-05 20:54:38	9699	78	272	97	2
9153	2023-05-10 08:06:14	528	33	116	43	2
9154	2021-03-17 05:56:01	1914	77	191	75	1
9155	2023-05-22 14:36:25	8128	58	116	43	5
9156	2017-11-17 05:22:26	2532	47	52	19	5
9157	2019-07-19 18:49:20	675	21	209	76	5
9158	2022-09-28 08:51:45	5343	90	118	42	3
9159	2022-06-23 12:11:54	4622	8	6	2	3
9160	2023-02-20 23:20:14	3070	39	141	52	2
9161	2020-07-03 23:19:49	1739	51	235	89	2
9162	2019-03-26 09:43:16	7403	65	154	54	5
9163	2019-12-20 01:56:53	13	24	203	81	5
9164	2018-02-01 23:15:15	2466	2	129	49	4
9165	2023-01-22 16:43:18	7630	81	266	99	3
9166	2018-02-01 15:45:01	2034	10	111	44	2
9167	2022-09-27 04:46:59	1704	89	205	80	2
9168	2023-01-09 10:36:49	3953	4	148	57	2
9169	2023-05-16 02:19:09	1118	92	154	55	2
9170	2022-08-14 15:33:47	4959	70	115	46	2
9171	2022-01-25 17:29:17	8865	99	115	46	3
9172	2023-03-09 03:17:59	6024	96	7	4	5
9173	2021-07-28 03:10:07	1213	46	23	15	5
9174	2021-12-09 16:58:05	5100	88	154	54	1
9175	2017-02-13 17:31:13	9699	78	129	49	3
9176	2021-12-10 16:56:29	1385	60	156	64	1
9177	2022-10-12 06:00:49	8770	18	205	80	4
9178	2020-01-12 02:55:12	1481	94	208	77	4
9179	2018-04-13 17:43:16	2644	1	79	31	2
9180	2023-04-02 11:17:15	6647	67	256	95	3
9181	2022-03-22 21:45:42	3636	71	6	2	3
9182	2020-10-25 19:41:49	8020	95	10	3	4
9183	2019-07-10 00:30:12	2570	45	178	69	5
9184	2023-06-03 22:48:05	1481	94	32	14	5
9185	2022-10-30 00:21:19	6431	37	256	95	4
9186	2022-12-30 00:02:15	7542	85	6	2	5
9187	2022-09-30 00:29:03	9003	34	89	35	5
9188	2022-09-10 14:25:03	2040	14	7	4	5
9189	2022-08-26 07:48:51	6602	61	130	50	5
9190	2022-09-12 14:53:55	5343	90	162	59	2
9191	2023-05-13 06:38:47	401	97	213	85	3
9192	2018-08-06 21:55:33	5100	88	88	30	3
9193	2022-01-09 22:29:42	1492	98	67	29	3
9194	2017-08-30 00:56:59	2022	41	236	88	1
9195	2021-01-28 15:10:14	3236	3	203	81	2
9196	2021-09-10 04:55:17	6412	23	214	83	1
9197	2020-06-30 06:54:08	7295	53	148	57	2
9198	2022-11-15 12:40:38	5952	30	205	80	5
9199	2020-01-20 15:13:22	13	24	148	57	5
9200	2021-09-02 00:14:35	369	93	208	77	3
9201	2023-06-05 21:42:11	1481	94	32	14	5
9202	2023-04-13 22:51:04	478	62	205	80	5
9203	2021-10-03 07:22:53	619	76	7	4	4
9204	2023-01-04 09:22:05	4328	43	154	54	4
9205	2021-08-20 13:52:24	528	33	61	24	5
9206	2022-07-16 18:14:48	8289	86	164	61	3
9207	2022-08-14 14:48:18	9683	87	156	64	4
9208	2022-04-09 13:39:14	1481	94	164	61	3
9209	2016-10-20 08:07:12	2034	10	188	71	4
9210	2023-05-28 11:55:55	1481	94	32	14	3
9211	2023-02-20 18:03:30	8020	95	164	61	3
9212	2021-11-21 13:34:26	8312	13	116	43	2
9213	2022-10-08 07:45:59	2022	41	214	83	3
9214	2022-09-29 12:51:11	2416	83	205	80	1
9215	2022-11-11 22:10:16	2466	2	184	68	5
9216	2020-06-24 16:22:26	2570	45	200	79	5
9217	2018-06-26 07:48:47	7630	81	79	31	2
9218	2023-06-05 20:40:12	1481	94	32	14	3
9219	2020-03-17 05:02:34	5343	90	151	53	3
9220	2022-05-02 19:24:28	1739	51	191	75	2
9221	2022-01-30 10:39:10	5704	49	116	43	5
9222	2023-02-18 00:12:04	6412	23	115	47	4
9223	2023-05-31 13:22:13	1481	94	98	34	5
9224	2022-05-24 08:08:27	5035	54	99	33	1
9225	2017-07-20 04:57:34	9266	36	272	97	1
9226	2022-07-31 11:32:29	3636	71	6	2	3
9227	2022-02-05 03:23:09	1266	63	10	3	5
9228	2022-05-07 21:58:01	1493	84	203	81	2
9229	2020-05-25 18:00:11	7729	72	151	53	5
9230	2022-03-10 11:57:23	446	15	130	50	3
9231	2022-08-20 18:32:59	4419	91	113	45	4
9232	2022-07-11 10:03:05	9003	34	254	94	2
9233	2023-02-08 07:22:49	1704	89	205	80	4
9234	2020-06-03 02:47:50	2034	10	34	17	5
9235	2023-05-25 00:48:30	5947	9	242	87	3
9236	2022-04-01 21:30:39	9234	38	164	61	3
9237	2023-02-04 21:28:10	564	73	148	57	5
9238	2023-04-03 10:34:10	7716	42	272	98	5
9239	2019-05-01 01:03:29	6660	59	67	29	3
9240	2021-06-09 18:59:42	5704	49	248	91	1
9241	2020-10-19 19:59:25	2040	14	7	4	5
9242	2017-08-18 05:53:31	4622	8	248	91	5
9243	2022-09-17 08:11:47	5704	49	160	60	3
9244	2020-05-09 00:50:37	5947	9	99	33	4
9245	2019-07-09 00:23:25	6847	40	208	77	3
9246	2023-01-03 01:55:21	5035	54	253	90	3
9247	2023-04-16 21:54:39	6847	40	98	34	1
9248	2022-06-21 22:04:06	7630	81	13	9	1
9249	2021-01-19 04:27:40	9266	36	151	53	1
9250	2023-02-12 10:37:53	7295	53	5	5	3
9251	2021-10-15 18:38:16	9026	27	10	3	4
9252	2023-02-08 12:01:52	5991	17	61	24	2
9253	2022-02-14 10:27:31	9779	6	90	36	2
9254	2021-09-26 06:07:53	9699	78	173	65	5
9255	2022-12-22 00:00:17	2867	66	235	89	4
9256	2023-06-03 11:48:28	4328	43	99	33	2
9257	2020-04-16 19:15:38	1266	63	208	77	2
9258	2020-08-19 22:47:56	9003	34	23	15	1
9259	2019-09-02 08:37:12	3390	82	167	66	4
9260	2023-05-27 08:42:31	369	93	32	14	1
9261	2018-11-21 06:14:26	5343	90	272	97	2
9262	2022-03-07 18:02:35	2466	2	272	97	1
9263	2021-12-09 11:17:29	2644	1	79	32	3
9264	2021-05-05 18:58:38	2644	1	178	70	1
9265	2022-08-05 18:37:59	9611	19	167	66	2
9266	2022-11-26 15:17:15	1481	94	164	61	4
9267	2023-01-24 21:01:41	2947	12	205	80	2
9268	2023-05-16 02:31:08	1739	51	213	85	3
9269	2020-01-15 04:09:47	3862	29	61	24	5
9270	2019-10-31 13:23:25	7812	5	61	24	5
9271	2023-05-22 05:34:19	2570	45	13	10	3
9272	2022-05-31 05:09:32	6602	61	218	84	3
9273	2022-10-26 13:35:56	2947	12	205	80	3
9274	2022-09-28 00:43:47	3636	71	116	43	2
9275	2023-05-12 14:39:19	7651	44	205	80	5
9276	2022-08-17 20:03:47	4622	8	6	2	5
9277	2022-10-30 08:56:17	4388	50	23	15	3
9278	2017-04-23 09:19:20	8108	22	13	9	1
9279	2023-02-01 06:22:19	8268	16	188	72	1
9280	2023-06-01 17:06:46	9026	27	32	14	5
9281	2020-05-02 03:34:41	2022	41	115	46	5
9282	2022-11-08 12:54:12	8020	95	208	77	5
9283	2018-09-07 18:05:11	7729	72	52	20	4
9284	2019-09-04 21:16:27	6412	23	115	46	4
9285	2022-10-03 10:03:33	7542	85	116	43	5
9286	2023-04-23 14:02:38	9026	27	98	34	1
9287	2022-11-04 03:16:16	2416	83	205	80	1
9288	2022-02-09 10:29:29	3070	39	97	37	3
9289	2019-03-07 08:52:36	2644	1	79	32	2
9290	2022-12-26 02:28:13	3323	7	115	47	5
9291	2022-07-03 17:16:28	4622	8	116	43	3
9292	2022-04-28 19:45:52	4419	91	223	86	1
9293	2022-01-04 15:54:47	1493	84	5	5	4
9294	2022-09-16 13:47:48	446	15	53	22	2
9295	2022-09-27 19:57:19	7651	44	205	80	1
9296	2022-03-04 22:37:11	1385	60	57	26	4
9297	2023-03-30 02:01:48	8684	26	266	99	2
9298	2016-08-05 14:40:33	9266	36	261	92	4
9299	2017-09-12 07:41:19	2034	10	34	17	3
9300	2019-12-11 19:33:12	7812	5	105	41	4
9301	2023-02-13 03:54:21	2022	41	115	47	2
9302	2022-08-02 23:45:24	2176	11	7	4	2
9303	2022-07-20 10:44:53	5100	88	154	54	3
9304	2022-10-07 15:37:46	2481	100	105	41	2
9305	2018-02-22 12:31:48	8108	22	79	31	4
9306	2020-03-22 12:16:46	8865	99	203	81	1
9307	2023-01-08 00:32:16	2681	68	203	81	4
9308	2021-02-27 08:00:51	6431	37	146	56	2
9309	2023-05-22 07:48:05	5947	9	209	76	2
9310	2022-04-28 07:08:46	1118	92	110	39	3
9311	2017-02-27 08:13:37	4328	43	110	38	4
9312	2019-08-04 19:41:56	401	97	114	48	1
9313	2020-06-04 10:59:34	2481	100	61	24	1
9314	2022-09-28 21:25:07	528	33	6	2	2
9315	2021-05-26 06:42:38	369	93	208	77	3
9316	2022-06-25 08:32:57	9266	36	162	59	1
9317	2023-05-27 22:02:07	237	80	32	14	4
9318	2023-02-24 08:42:37	619	76	205	80	4
9319	2023-03-23 15:31:52	1493	84	236	88	4
9320	2022-06-25 19:52:43	8312	13	116	43	1
9321	2022-04-14 18:08:12	5343	90	52	20	4
9322	2022-08-05 20:24:06	7716	42	118	42	3
9323	2022-05-31 13:08:53	1213	46	23	15	5
9324	2023-04-01 23:55:40	9611	19	57	26	4
9325	2022-12-07 02:36:35	2644	1	90	36	1
9326	2023-02-14 01:37:39	3323	7	5	5	4
9327	2022-12-17 12:21:19	6647	67	256	95	3
9328	2020-11-22 15:11:23	4388	50	199	78	4
9329	2022-01-19 13:49:56	2570	45	57	26	3
9330	2017-01-11 15:03:51	1493	84	236	88	5
9331	2021-09-21 19:02:07	6612	69	130	50	3
9332	2016-03-23 23:26:17	7716	42	52	19	3
9333	2018-09-14 14:19:37	2022	41	203	81	4
9334	2022-12-10 03:50:41	8128	58	248	91	5
9335	2023-05-14 22:23:42	1739	51	213	85	4
9336	2020-02-24 16:20:33	13	24	115	46	1
9337	2022-07-03 01:48:29	2570	45	178	70	3
9338	2019-07-18 12:08:09	4328	43	209	76	1
9339	2022-09-30 23:04:55	5952	30	7	4	2
9340	2020-10-19 05:46:21	7295	53	5	5	5
9341	2023-04-30 00:13:38	1493	84	115	47	5
9342	2022-06-07 18:30:09	8312	13	116	43	3
9343	2020-09-18 22:59:38	2947	12	7	4	5
9344	2022-03-20 04:28:48	7542	85	116	43	4
9345	2021-08-12 13:53:03	4375	55	214	83	1
9346	2022-01-08 04:15:44	9234	38	10	3	1
9347	2022-09-16 15:42:19	5947	9	242	87	5
9348	2022-12-13 20:38:05	9611	19	156	64	3
9349	2023-05-05 08:38:20	619	76	205	80	4
9350	2020-08-10 10:36:12	9266	36	272	97	2
9351	2020-03-09 20:45:04	8268	16	111	44	5
9352	2021-10-17 15:56:15	1407	56	141	52	1
9353	2021-01-06 10:19:12	237	80	208	77	3
9354	2022-10-02 21:31:35	3323	7	115	46	2
9355	2023-05-25 01:15:47	4959	70	115	47	3
9356	2022-05-09 00:37:16	1481	94	164	61	3
9357	2020-01-29 23:06:51	9266	36	30	13	3
9358	2023-02-27 01:43:03	6847	40	10	3	3
9359	2022-08-28 02:47:38	5952	30	7	4	1
9360	2023-05-05 21:19:32	3953	4	170	67	3
9361	2018-12-20 16:32:16	9699	78	30	13	1
9362	2018-06-21 17:21:55	8108	22	79	31	4
9363	2023-01-09 10:32:13	7542	85	160	60	1
9364	2022-10-30 09:39:41	2022	41	148	57	2
9365	2022-09-04 08:16:35	7812	5	6	2	4
9366	2022-12-21 09:12:36	8020	95	164	61	5
9367	2023-05-24 11:46:37	2867	66	213	85	4
9368	2023-05-14 21:56:14	7136	48	203	81	3
9369	2023-06-05 23:59:29	237	80	32	14	4
9370	2022-06-17 10:19:00	7403	65	88	30	2
9371	2020-01-18 17:40:41	5952	30	7	4	1
9372	2022-05-16 09:00:53	4328	43	110	39	3
9373	2019-04-27 15:08:33	6612	69	53	22	5
9374	2016-02-27 04:11:19	4328	43	22	8	5
9375	2021-02-15 13:36:39	7403	65	264	93	5
9376	2018-12-29 06:25:31	1213	46	111	44	2
9377	2023-05-19 15:43:15	6647	67	25	16	4
9378	2021-02-11 22:35:57	9734	52	7	4	3
9379	2017-05-06 16:54:29	5343	90	52	19	5
9380	2020-01-17 10:30:52	1868	25	9	6	5
9381	2023-01-27 17:54:41	7136	48	115	47	4
9382	2021-03-11 21:21:19	8289	86	208	77	3
9383	2023-02-11 07:27:04	1213	46	56	25	2
9384	2022-12-02 04:49:28	1213	46	254	94	5
9385	2019-05-29 13:49:52	3299	75	14	11	5
9386	2022-11-01 19:45:28	7295	53	214	83	2
9387	2021-12-20 04:43:40	3236	3	5	5	3
9388	2018-04-02 03:03:08	2075	31	203	81	5
9389	2020-06-02 16:04:50	6412	23	148	57	5
9390	2020-09-14 08:36:54	5947	9	209	76	2
9391	2020-02-20 05:14:02	5343	90	129	49	3
9392	2023-03-18 16:05:53	5952	30	7	4	3
9393	2022-08-11 14:53:35	528	33	160	60	2
9394	2022-01-17 07:13:06	3236	3	148	57	4
9395	2022-05-30 17:55:08	9734	52	7	4	1
9396	2023-01-09 14:18:04	7295	53	115	47	4
9397	2022-10-27 21:57:32	2867	66	191	75	3
9398	2022-03-29 05:07:02	2466	2	272	97	5
9399	2018-02-10 07:32:29	2681	68	115	46	3
9400	2017-03-02 08:06:47	4388	50	34	17	4
9401	2023-05-19 10:18:47	1493	84	170	67	5
9402	2022-02-11 22:34:59	3207	57	114	48	4
9403	2022-01-31 21:23:50	237	80	208	77	3
9404	2023-04-08 13:24:17	9234	38	98	34	1
9405	2022-02-23 20:44:11	8020	95	164	61	1
9406	2023-01-11 09:15:27	2867	66	59	28	4
9407	2019-07-15 06:15:54	2022	41	148	57	3
9408	2022-09-19 01:03:24	9234	38	164	61	5
9409	2019-12-05 11:00:43	2681	68	5	5	4
9410	2021-09-08 00:36:28	9734	52	7	4	5
9411	2021-10-12 01:22:40	1213	46	155	62	3
9412	2016-08-23 05:12:54	9266	36	30	13	1
9413	2022-11-21 12:34:40	1868	25	9	6	5
9414	2021-07-25 01:54:51	2466	2	30	13	2
9415	2022-11-26 11:46:12	7630	81	13	10	1
9416	2022-07-06 09:24:28	4423	32	105	41	5
9417	2019-11-29 18:09:21	2681	68	5	5	5
9418	2018-08-09 13:05:00	5384	35	110	38	4
9419	2018-12-15 02:56:47	9003	34	155	62	1
9420	2021-05-28 22:08:17	9779	6	178	70	5
9421	2021-04-23 00:29:01	9683	87	156	63	4
9422	2021-04-19 01:06:42	3323	7	148	57	1
9423	2023-02-08 08:35:02	4419	91	113	45	5
9424	2021-05-01 00:39:38	8108	22	46	21	2
9425	2023-01-24 04:29:12	3390	82	266	99	2
9426	2019-11-07 10:12:17	2532	47	30	13	5
9427	2019-10-11 20:21:05	9683	87	178	70	1
9428	2021-04-04 09:55:23	9611	19	156	63	1
9429	2020-11-26 19:39:50	2176	11	7	4	3
9430	2023-02-17 18:44:48	8312	13	248	91	5
9431	2020-09-13 17:38:44	1481	94	208	77	1
9432	2022-12-08 17:59:45	1385	60	79	32	4
9433	2019-05-25 05:43:40	1407	56	141	52	4
9434	2020-12-24 18:52:32	1914	77	114	48	3
9435	2016-12-21 00:38:36	9683	87	13	9	3
9436	2022-10-06 22:22:21	6647	67	256	95	2
9437	2022-12-13 02:46:19	9266	36	52	20	5
9438	2020-06-21 14:16:43	4423	32	61	24	1
9439	2022-05-11 23:12:31	5952	30	7	4	3
9440	2022-12-09 03:59:44	2947	12	205	80	4
9441	2022-10-29 19:54:27	528	33	6	2	4
9442	2021-07-30 02:18:51	8108	22	79	32	3
9443	2017-07-18 07:17:43	446	15	53	22	2
9444	2020-03-27 02:32:32	8108	22	178	70	4
9445	2021-07-23 20:03:29	3323	7	214	83	3
9446	2023-04-17 10:54:08	2022	41	5	5	4
9447	2022-12-04 06:42:19	1868	25	130	50	1
9448	2019-06-25 00:01:03	2466	2	173	65	2
9449	2019-12-25 19:43:20	6660	59	199	78	1
9450	2022-11-20 01:21:06	13	24	214	83	5
9451	2023-04-08 16:43:51	9699	78	272	98	2
9452	2023-05-31 23:03:52	1739	51	147	58	5
9453	2022-03-28 22:45:32	4959	70	148	57	3
9454	2023-03-02 07:50:56	5035	54	253	90	5
9455	2020-02-06 12:27:43	8108	22	178	70	2
9456	2022-01-08 12:44:46	1739	51	191	75	2
9457	2023-06-01 19:37:18	9026	27	32	14	3
9458	2023-04-12 20:59:21	1492	98	23	15	4
9459	2023-03-21 02:45:16	6647	67	146	56	3
9460	2023-04-05 04:32:11	3636	71	160	60	2
9461	2016-01-21 05:06:59	9683	87	200	79	4
9462	2019-11-27 20:30:34	1529	28	154	54	1
9463	2020-04-17 11:09:43	5100	88	11	1	4
9464	2019-05-16 07:31:01	9003	34	67	29	2
9465	2018-08-14 12:44:12	13	24	236	88	3
9466	2023-05-25 19:27:40	369	93	32	14	1
9467	2023-02-08 23:10:29	2040	14	7	4	4
9468	2018-07-03 00:48:13	6460	64	218	84	4
9469	2022-10-25 01:51:57	9266	36	52	20	2
9470	2023-02-07 16:31:22	1266	63	164	61	4
9471	2022-06-20 07:06:21	1266	63	208	77	2
9472	2020-06-26 17:49:14	564	73	203	81	1
9473	2022-10-03 23:21:14	4388	50	276	100	2
9474	2020-11-23 10:05:26	2947	12	7	4	1
9475	2023-06-04 12:48:59	8289	86	32	14	2
9476	2021-10-10 13:09:36	4622	8	116	43	3
9477	2022-03-29 02:55:51	8289	86	10	3	5
9478	2020-04-07 12:58:56	2867	66	235	89	5
9479	2023-04-12 04:58:38	8289	86	98	34	1
9480	2019-07-23 01:53:02	9779	6	178	69	5
9481	2023-06-01 09:32:36	1704	89	205	80	4
9482	2018-08-10 18:12:56	4419	91	36	18	4
9483	2017-12-13 16:44:22	564	73	203	81	5
9484	2022-04-03 18:38:50	6647	67	212	82	5
9485	2023-03-29 05:32:23	2034	10	276	100	4
9486	2019-05-12 02:02:24	5947	9	110	38	3
9487	2023-05-23 19:06:28	401	97	213	85	1
9488	2022-03-13 14:20:08	6130	79	184	68	3
9489	2017-03-09 19:29:27	9699	78	272	97	3
9490	2022-06-01 13:26:14	7651	44	7	4	1
9491	2022-01-06 11:12:00	8268	16	254	94	3
9492	2023-06-01 20:59:50	4375	55	170	67	5
9493	2019-07-21 12:24:59	7812	5	248	91	5
9494	2023-04-28 13:18:23	7630	81	13	10	3
9495	2020-08-04 07:09:18	1213	46	188	72	2
9496	2021-07-07 00:01:07	3390	82	79	32	4
9497	2019-04-21 18:48:36	3636	71	248	91	4
9498	2023-05-25 17:44:58	446	15	97	37	5
9499	2023-06-02 21:30:50	3953	4	170	67	3
9500	2021-01-28 11:31:39	3862	29	61	24	1
9501	2022-08-23 13:40:46	478	62	205	80	4
9502	2020-10-23 13:12:26	564	73	115	46	2
9503	2016-08-25 18:01:32	1739	51	191	74	4
9504	2020-03-17 22:29:14	7729	72	261	92	3
9505	2015-10-27 19:03:24	2570	45	200	79	2
9506	2023-03-24 00:49:59	6602	61	141	52	5
9507	2023-05-02 12:34:32	5384	35	253	90	5
9508	2019-12-05 06:51:56	1481	94	10	3	1
9509	2023-04-03 10:16:17	5991	17	105	41	3
9510	2022-05-07 18:29:13	369	93	164	61	3
9511	2022-12-03 18:23:10	8770	18	205	80	5
9512	2021-06-07 09:30:59	6412	23	203	81	1
9513	2022-05-30 17:51:40	7630	81	90	36	2
9514	2022-02-11 19:46:50	446	15	97	37	2
9515	2023-05-01 11:38:28	9026	27	98	34	5
9516	2022-12-26 18:21:10	4375	55	115	47	3
9517	2020-07-21 05:46:39	9699	78	52	20	5
9518	2021-09-21 21:27:18	4375	55	214	83	4
9519	2022-01-30 08:27:43	7716	42	272	97	2
9520	2022-09-27 07:59:56	3862	29	105	41	2
9521	2021-10-01 01:40:51	6660	59	188	72	4
9522	2021-09-06 02:17:53	3207	57	147	58	4
9523	2023-02-20 14:27:04	1739	51	59	28	4
9524	2021-06-11 22:21:44	8020	95	10	3	4
9525	2023-05-15 12:50:38	2176	11	205	80	2
9526	2023-04-07 07:30:33	1481	94	164	61	2
9527	2020-11-30 04:42:38	5343	90	184	68	3
9528	2022-02-27 11:05:41	4090	74	5	5	1
9529	2021-08-16 06:38:52	8684	26	167	66	5
9530	2023-04-08 14:52:29	4090	74	170	67	1
9531	2021-04-28 15:45:53	1481	94	208	77	4
9532	2023-05-29 19:54:35	3862	29	6	2	1
9533	2019-07-14 06:02:50	2570	45	178	69	4
9534	2017-08-13 22:55:42	4090	74	236	88	5
9535	2023-02-27 06:17:09	7651	44	205	80	4
9536	2022-05-21 16:59:54	1914	77	235	89	3
9537	2023-05-16 07:46:16	9234	38	10	3	4
9538	2023-05-07 04:19:33	4090	74	170	67	2
9539	2023-04-14 23:34:42	8289	86	98	34	1
9540	2023-04-09 23:36:59	4959	70	203	81	3
9541	2023-04-20 15:24:20	3236	3	170	67	4
9542	2022-05-14 14:48:10	9611	19	178	70	5
9543	2020-09-10 02:48:25	8865	99	203	81	2
9544	2023-03-27 19:14:06	2075	31	170	67	3
9545	2023-05-17 11:50:40	8020	95	164	61	3
9546	2022-09-24 05:35:23	5952	30	205	80	1
9547	2022-11-28 23:37:06	7542	85	160	60	3
9548	2023-02-03 23:29:16	8268	16	155	62	2
9549	2019-03-30 23:05:28	9683	87	57	26	4
9550	2021-04-19 05:22:34	3207	57	59	27	3
9551	2021-05-04 04:46:31	3070	39	9	6	5
9552	2023-01-31 03:50:23	9779	6	90	36	1
9553	2021-06-03 08:21:32	2570	45	167	66	1
9554	2022-02-15 11:06:39	528	33	61	24	5
9555	2023-05-03 14:31:04	1481	94	98	34	2
9556	2017-01-31 20:50:47	675	21	110	38	2
9557	2021-07-06 03:55:44	4423	32	61	24	5
9558	2022-10-22 19:10:37	1481	94	164	61	1
9559	2021-07-23 06:52:23	237	80	208	77	1
9560	2023-04-02 00:44:10	8312	13	160	60	3
9561	2022-09-18 15:33:24	4328	43	154	54	5
9562	2021-06-25 05:40:40	3953	4	214	83	2
9563	2018-08-10 12:15:43	2867	66	114	48	2
9564	2020-06-08 18:04:53	6647	67	190	73	2
9565	2020-12-19 22:32:12	7295	53	5	5	1
9566	2022-08-25 09:42:15	9779	6	90	36	5
9567	2019-12-10 09:20:38	7542	85	61	24	2
9568	2023-03-21 18:03:57	446	15	130	50	2
9569	2021-01-14 15:11:31	1118	92	11	1	1
9570	2022-04-01 11:09:54	564	73	5	5	2
9571	2023-04-03 02:01:57	5952	30	205	80	5
9572	2021-07-22 14:05:12	2416	83	7	4	5
9573	2022-11-22 02:37:58	8108	22	13	10	3
9574	2023-02-17 10:28:52	9266	36	272	98	3
9575	2022-05-19 02:14:28	9611	19	156	64	5
9576	2021-06-03 14:41:12	2644	1	178	70	3
9577	2022-05-19 03:07:29	2867	66	235	89	4
9578	2022-08-29 18:51:55	1739	51	59	28	3
9579	2022-08-14 05:44:31	2416	83	205	80	4
9580	2022-09-27 14:29:57	7630	81	266	99	2
9581	2023-05-01 12:11:29	2075	31	170	67	5
9582	2023-01-07 05:27:05	13	24	115	47	3
9583	2018-10-03 19:54:26	1868	25	53	22	1
9584	2016-03-27 00:16:04	1529	28	242	87	3
9585	2018-04-13 02:49:45	6130	79	52	20	3
9586	2023-03-14 03:04:40	4423	32	6	2	1
9587	2022-10-31 15:39:28	478	62	205	80	4
9588	2023-05-31 06:39:39	369	93	32	14	4
9589	2023-05-07 14:31:04	6647	67	25	16	3
9590	2022-11-12 06:00:54	9734	52	205	80	2
9591	2022-12-13 11:37:30	9026	27	164	61	1
9592	2022-09-04 21:02:17	7542	85	61	24	4
9593	2018-09-18 13:58:45	7729	72	52	20	1
9594	2020-07-12 00:47:05	1118	92	22	8	2
9595	2021-08-21 22:26:00	4423	32	61	24	3
9596	2022-05-31 07:15:58	237	80	208	77	3
9597	2022-10-18 04:11:01	8268	16	56	25	4
9598	2023-05-21 00:04:24	478	62	205	80	3
9599	2021-01-25 00:07:05	6602	61	141	52	1
9600	2022-11-30 13:08:47	6024	96	205	80	2
9601	2023-04-12 09:57:06	3390	82	79	32	2
9602	2022-09-14 05:48:06	564	73	214	83	4
9603	2022-03-04 00:55:59	2681	68	5	5	4
9604	2020-12-14 21:58:41	6460	64	141	52	4
9605	2021-09-24 08:58:37	13	24	115	46	5
9606	2023-01-04 21:12:41	2075	31	115	47	5
9607	2022-05-23 13:54:54	2466	2	151	53	3
9608	2018-06-02 23:00:58	2570	45	79	31	1
9609	2020-01-01 18:37:38	2570	45	178	70	5
9610	2023-03-13 05:36:38	5704	49	6	2	1
9611	2022-08-02 06:26:44	4959	70	115	46	1
9612	2021-12-13 19:40:03	7729	72	118	42	4
9613	2018-07-29 02:53:51	4328	43	209	76	3
9614	2022-02-21 07:57:31	2532	47	173	65	4
9615	2022-10-22 08:46:54	4622	8	6	2	1
9616	2019-04-06 05:52:13	7716	42	151	53	1
9617	2023-05-18 10:30:05	7136	48	170	67	2
9618	2021-03-20 06:14:00	9779	6	46	21	2
9619	2021-10-26 13:16:58	1492	98	67	29	3
9620	2019-10-31 09:34:14	2532	47	272	97	3
9621	2023-04-30 13:48:52	1481	94	98	34	1
9622	2021-03-14 05:26:05	6612	69	9	6	1
9623	2022-06-19 10:01:55	2867	66	114	48	2
9624	2022-10-22 14:21:17	1704	89	7	4	4
9625	2020-03-08 08:48:41	7136	48	236	88	5
9626	2017-03-12 13:13:56	5343	90	30	13	2
9627	2022-01-24 11:39:18	2310	20	19	7	2
9628	2022-08-30 10:26:20	8268	16	23	15	2
9629	2021-05-22 11:12:24	1213	46	155	62	5
9630	2023-03-18 15:42:21	3953	4	214	83	5
9631	2022-09-19 03:32:17	3862	29	160	60	1
9632	2022-02-27 10:34:33	2481	100	248	91	1
9633	2021-04-04 12:59:55	4959	70	214	83	4
9634	2019-11-02 17:08:10	2022	41	203	81	1
9635	2023-02-20 03:18:42	9683	87	46	21	3
9636	2023-03-09 21:10:20	3862	29	6	2	2
9637	2023-05-16 02:49:45	5952	30	205	80	2
9638	2017-05-06 09:56:51	3299	75	223	86	4
9639	2019-09-01 11:19:53	8289	86	10	3	5
9640	2023-03-01 12:09:25	2947	12	205	80	2
9641	2023-04-25 05:45:29	9683	87	266	99	1
9642	2020-09-02 05:52:33	5035	54	99	33	5
9643	2022-10-04 01:42:26	13	24	148	57	3
9644	2021-09-28 05:41:13	2416	83	7	4	4
9645	2022-08-07 04:39:17	446	15	218	84	3
9646	2020-10-08 20:26:10	8268	16	23	15	2
9647	2023-06-01 13:37:12	237	80	98	34	4
9648	2023-01-15 11:22:18	1704	89	205	80	4
9649	2022-11-23 04:47:40	8268	16	188	72	2
9650	2022-02-17 04:30:59	4622	8	248	91	3
9651	2021-06-04 13:40:53	7812	5	105	41	2
9652	2018-09-17 07:41:28	3323	7	236	88	1
9653	2017-11-21 05:02:26	5035	54	154	54	3
9654	2020-06-08 17:24:39	9699	78	184	68	1
9655	2021-12-13 12:44:54	7651	44	7	4	5
9656	2020-04-22 05:19:11	4959	70	148	57	5
9657	2021-09-15 00:48:29	9779	6	90	36	5
9658	2022-07-16 11:10:51	13	24	214	83	4
9659	2019-06-21 06:19:01	2644	1	178	69	3
9660	2022-08-13 13:40:46	8108	22	156	64	3
9661	2021-09-21 12:30:19	5100	88	22	8	4
9662	2022-03-30 11:04:05	8108	22	90	36	2
9663	2022-06-20 10:43:46	446	15	262	96	4
9664	2017-07-25 14:18:21	6647	67	14	11	1
9665	2021-06-05 05:41:23	1407	56	141	52	1
9666	2021-01-13 07:34:15	7630	81	13	9	1
9667	2019-07-20 18:48:03	1385	60	178	69	1
9668	2020-11-22 06:30:51	7295	53	5	5	5
9669	2017-09-12 06:12:05	9266	36	129	49	1
9670	2021-08-03 01:08:25	7403	65	11	1	5
9671	2023-01-16 14:08:51	4375	55	115	47	5
9672	2023-04-10 23:05:47	619	76	205	80	4
9673	2022-05-06 10:32:12	1118	92	110	39	2
9674	2022-11-02 06:33:20	8684	26	266	99	3
9675	2023-05-21 16:35:15	5035	54	154	55	2
9676	2021-08-05 01:48:34	3070	39	218	84	3
9677	2023-01-15 11:21:34	2644	1	13	10	5
9678	2023-05-01 13:24:20	1704	89	205	80	5
9679	2022-04-27 02:09:44	1529	28	110	39	4
9680	2020-10-19 21:46:58	478	62	7	4	4
9681	2017-10-09 15:06:49	2644	1	57	26	4
9682	2023-04-03 00:59:06	8865	99	115	47	2
9683	2022-10-19 11:57:43	3070	39	9	6	2
9684	2022-07-04 05:29:49	6602	61	97	37	4
9685	2021-10-29 14:49:39	1914	77	59	27	2
9686	2021-06-21 18:02:08	2532	47	118	42	5
9687	2022-02-03 10:19:17	1213	46	254	94	4
9688	2023-05-13 07:33:40	8128	58	6	2	5
9689	2023-03-09 13:16:42	6660	59	276	100	1
9690	2020-10-27 07:26:31	5991	17	105	41	4
9691	2023-04-21 02:26:04	2681	68	170	67	4
9692	2016-10-06 05:47:05	1492	98	188	71	4
9693	2018-10-12 04:06:31	9003	34	188	71	4
9694	2023-04-20 04:04:46	2034	10	188	72	4
9695	2023-05-30 09:37:20	9026	27	10	3	3
9696	2019-10-11 20:48:41	3862	29	61	24	2
9697	2017-12-16 12:12:38	2310	20	52	20	1
9698	2022-05-25 13:16:56	446	15	53	22	3
9699	2023-03-16 19:53:51	6460	64	130	50	1
9700	2023-06-05 11:53:51	9026	27	98	34	5
9701	2021-01-17 10:11:43	8289	86	10	3	1
9702	2022-04-16 18:56:31	7630	81	156	64	3
9703	2023-04-30 07:25:28	1266	63	98	34	5
9704	2022-07-01 23:26:37	3070	39	262	96	3
9705	2023-05-25 08:30:31	2310	20	272	98	5
9706	2022-06-08 15:07:58	4622	8	105	41	1
9707	2017-08-06 11:37:33	1493	84	236	88	3
9708	2022-10-09 07:41:10	1213	46	199	78	4
9709	2021-02-13 21:57:37	564	73	236	88	5
9710	2023-04-12 04:06:12	8128	58	160	60	3
9711	2022-07-09 22:28:57	6847	40	164	61	4
9712	2022-07-18 04:03:49	7729	72	118	42	1
9713	2019-04-25 11:22:24	6660	59	67	29	2
9714	2020-11-01 11:08:58	5952	30	7	4	3
9715	2022-12-11 15:17:18	2040	14	205	80	4
9716	2023-02-10 08:15:11	1266	63	164	61	3
9717	2023-05-10 15:43:01	9026	27	98	34	3
9718	2021-08-23 07:37:41	2570	45	178	70	5
9719	2022-12-18 18:19:58	6602	61	97	37	3
9720	2023-05-29 17:29:54	6647	67	25	16	1
9721	2023-03-03 05:58:47	2040	14	205	80	5
9722	2023-05-08 17:35:52	6412	23	170	67	3
9723	2019-05-16 15:21:25	9266	36	272	97	3
9724	2020-09-25 11:20:19	2947	12	7	4	3
9725	2021-05-09 03:36:28	9779	6	178	70	2
9726	2023-01-08 05:09:39	9266	36	261	92	1
9727	2023-01-02 02:44:48	2867	66	59	28	4
9728	2022-11-24 18:40:59	528	33	61	24	3
9729	2023-01-28 23:21:18	7136	48	214	83	1
9730	2023-02-13 11:46:37	9734	52	205	80	1
9731	2023-04-21 12:03:24	2416	83	205	80	5
9732	2021-07-02 18:50:10	2570	45	156	63	1
9733	2021-09-04 23:04:52	446	15	130	50	4
9734	2023-04-25 12:14:26	1868	25	53	22	4
9735	2020-09-26 21:41:52	1481	94	10	3	2
9736	2020-01-31 23:59:01	5947	9	66	23	3
9737	2022-08-23 16:15:21	2416	83	205	80	5
9738	2023-05-08 23:18:56	5035	54	154	55	3
9739	2022-02-27 02:41:55	6660	59	188	72	1
9740	2017-01-18 23:40:50	4388	50	34	17	4
9741	2023-01-30 04:01:27	8684	26	13	10	3
9742	2023-05-01 15:50:55	7136	48	170	67	2
9743	2021-10-22 19:18:43	5100	88	209	76	1
9744	2018-05-03 01:12:51	8128	58	248	91	2
9745	2022-07-01 03:32:39	5947	9	264	93	5
9746	2023-03-15 03:49:14	9779	6	90	36	3
9747	2015-06-15 07:56:40	2034	10	188	71	1
9748	2019-05-13 16:27:48	1213	46	67	29	4
9749	2020-05-16 12:37:37	8312	13	61	24	3
9750	2023-02-27 20:47:34	2570	45	266	99	5
9751	2016-11-22 05:47:40	401	97	191	74	2
9752	2016-07-31 11:59:17	2532	47	30	13	3
9753	2022-12-24 19:39:22	6612	69	262	96	1
9754	2022-11-29 18:12:29	4959	70	214	83	4
9755	2022-10-21 16:56:29	3636	71	116	43	4
9756	2018-07-30 13:16:48	2022	41	115	46	4
9757	2021-04-16 08:20:52	7136	48	148	57	2
9758	2022-05-02 07:58:38	8020	95	164	61	3
9759	2022-02-20 19:37:33	619	76	7	4	1
9760	2022-05-18 14:10:16	8020	95	164	61	5
9761	2018-12-28 01:15:10	9234	38	208	77	2
9762	2018-06-07 09:47:13	5991	17	248	91	3
9763	2020-01-24 02:53:01	2310	20	184	68	4
9764	2016-09-24 10:24:26	4419	91	14	11	4
9765	2023-01-29 06:43:03	2481	100	105	41	1
9766	2022-04-11 18:20:28	7403	65	110	39	1
9767	2023-03-01 13:48:28	2034	10	34	17	3
9768	2022-11-30 01:26:04	528	33	6	2	5
9769	2023-04-20 18:16:16	675	21	154	55	1
9770	2018-08-20 16:38:37	2466	2	261	92	3
9771	2023-02-01 12:28:27	1739	51	59	28	1
9772	2019-08-30 19:57:35	4388	50	188	72	3
9773	2020-12-13 14:00:10	2466	2	162	59	1
9774	2017-08-12 23:13:48	1914	77	191	74	4
9775	2022-11-22 18:43:28	3299	75	113	45	5
9776	2021-07-11 16:35:32	6130	79	184	68	3
9777	2022-05-07 07:25:02	2947	12	7	4	1
9778	2020-11-10 03:47:20	9779	6	13	9	1
9779	2022-08-27 09:29:50	4419	91	14	11	2
9780	2023-04-19 01:43:00	478	62	205	80	2
9781	2023-02-16 11:47:12	2176	11	205	80	3
9782	2015-03-30 00:07:54	9779	6	200	79	3
9783	2019-10-29 23:34:31	8865	99	115	46	4
9784	2021-04-15 03:45:46	8312	13	61	24	2
9785	2023-03-17 03:31:24	2022	41	236	88	4
9786	2020-03-26 18:17:40	3236	3	148	57	3
9787	2022-06-29 15:12:27	6460	64	262	96	5
9788	2022-06-10 08:07:38	1914	77	59	27	4
9789	2023-05-29 06:07:44	1266	63	32	14	5
9790	2023-06-05 19:03:17	4090	74	203	81	5
9791	2023-04-10 12:31:21	1868	25	9	6	4
9792	2021-12-13 23:59:01	1213	46	199	78	2
9793	2022-12-04 10:06:30	2644	1	167	66	4
9794	2021-06-14 15:45:53	2022	41	203	81	2
9795	2022-12-21 18:53:54	7630	81	266	99	4
9796	2023-01-21 18:02:35	2416	83	205	80	4
9797	2023-04-07 14:24:04	5100	88	242	87	4
9798	2018-10-19 04:25:47	5947	9	110	38	4
9799	2020-05-03 04:20:44	9234	38	10	3	5
9800	2022-12-12 08:13:50	9734	52	205	80	2
9801	2022-12-29 17:59:28	4622	8	160	60	5
9802	2023-05-28 09:50:05	8020	95	32	14	5
9803	2021-08-24 23:47:52	3070	39	9	6	1
9804	2020-10-29 17:22:27	9683	87	46	21	2
9805	2023-01-05 15:12:50	7729	72	118	42	3
9806	2021-10-11 02:21:06	8865	99	203	81	4
9807	2020-12-17 08:07:33	9611	19	167	66	2
9808	2022-01-23 03:39:19	5384	35	22	8	4
9809	2020-11-29 02:53:25	3323	7	203	81	5
9810	2020-09-29 18:45:45	2034	10	199	78	2
9811	2021-08-19 21:38:45	2644	1	178	70	1
9812	2019-10-04 20:30:42	2466	2	272	97	1
9813	2022-07-10 14:08:47	2532	47	19	7	5
9814	2021-05-13 16:08:22	6460	64	262	96	2
9815	2023-05-19 08:48:09	6847	40	98	34	2
9816	2019-11-04 14:22:57	237	80	10	3	3
9817	2021-11-16 06:56:24	7542	85	116	43	1
9818	2019-10-11 23:05:48	1266	63	208	77	5
9819	2020-04-08 21:01:33	1118	92	66	23	1
9820	2018-04-23 01:53:43	5100	88	110	38	2
9821	2020-05-11 18:22:45	7136	48	5	5	2
9822	2022-06-17 01:30:06	7812	5	116	43	5
9823	2020-11-18 04:20:56	6412	23	148	57	3
9824	2022-09-05 09:06:24	8108	22	90	36	4
9825	2019-12-31 01:22:06	8108	22	200	79	2
9826	2022-07-07 02:28:44	9779	6	167	66	5
9827	2022-03-28 12:30:54	4959	70	214	83	1
9828	2019-10-02 12:47:13	2532	47	151	53	4
9829	2019-03-03 02:00:40	9611	19	57	26	1
9830	2020-08-16 23:16:43	3070	39	9	6	5
9831	2020-06-05 20:59:26	4388	50	199	78	5
9832	2021-09-29 03:53:01	7542	85	116	43	2
9833	2021-04-10 19:30:08	4388	50	34	17	2
9834	2023-05-11 05:46:10	7630	81	178	70	1
9835	2018-09-26 13:28:29	237	80	208	77	2
9836	2023-05-27 05:50:09	1481	94	32	14	4
9837	2021-09-21 15:02:11	3323	7	148	57	5
9838	2022-11-04 15:14:28	8312	13	105	41	1
9839	2019-03-19 14:18:48	7136	48	148	57	2
9840	2022-03-05 16:12:06	8289	86	164	61	4
9841	2023-05-07 16:54:49	6647	67	25	16	4
9842	2023-02-24 05:35:45	8289	86	164	61	5
9843	2022-10-27 16:19:15	1868	25	218	84	4
9844	2022-06-05 13:26:11	3070	39	97	37	4
9845	2022-09-26 21:00:31	9234	38	208	77	5
9846	2022-02-11 06:28:06	7630	81	167	66	1
9847	2021-02-02 21:22:24	3323	7	203	81	3
9848	2022-10-26 14:21:33	9699	78	52	20	2
9849	2023-05-04 07:37:26	9026	27	98	34	3
9850	2021-08-27 15:12:16	9734	52	7	4	5
9851	2022-04-22 16:20:07	8289	86	164	61	4
9852	2020-06-19 14:56:45	1481	94	208	77	4
9853	2022-01-22 20:34:36	2176	11	7	4	4
9854	2022-10-03 22:32:12	3299	75	113	45	5
9855	2020-12-05 06:16:09	7542	85	105	41	3
9856	2022-10-05 12:24:09	7812	5	6	2	2
9857	2022-05-18 07:41:04	6460	64	130	50	4
9858	2022-05-15 18:58:41	1739	51	59	27	4
9859	2019-04-23 00:40:04	446	15	141	52	3
9860	2022-01-17 09:19:57	3953	4	5	5	1
9861	2020-01-02 06:01:09	2310	20	261	92	1
9862	2021-06-09 10:34:24	5100	88	99	33	4
9863	2023-02-18 18:10:13	6647	67	14	12	1
9864	2020-12-17 02:42:02	4375	55	236	88	1
9865	2018-03-08 00:26:50	2022	41	236	88	5
9866	2023-01-13 21:43:26	446	15	9	6	3
9867	2023-06-02 17:19:31	8289	86	208	77	3
9868	2022-02-11 20:22:01	1739	51	235	89	5
9869	2018-12-10 22:24:51	7136	48	115	46	4
9870	2023-05-17 22:14:35	8289	86	98	34	1
9871	2021-07-18 22:24:24	3323	7	214	83	3
9872	2017-11-19 23:50:03	4419	91	36	18	4
9873	2018-08-11 09:19:01	7812	5	248	91	5
9874	2018-03-29 23:31:41	1529	28	88	30	1
9875	2021-11-11 10:55:43	1492	98	67	29	5
9876	2022-11-20 07:03:00	6647	67	14	12	3
9877	2020-01-29 12:38:50	3390	82	167	66	4
9878	2016-07-16 14:49:44	6660	59	188	71	5
9879	2019-05-02 21:03:33	5100	88	99	33	1
9880	2023-05-22 19:48:05	6847	40	98	34	1
9881	2015-12-14 02:22:19	1213	46	188	71	1
9882	2023-02-14 11:56:37	9234	38	164	61	1
9883	2019-12-11 01:07:55	4622	8	105	41	1
9884	2022-04-03 19:34:38	6024	96	7	4	2
9885	2021-08-15 01:45:36	6602	61	9	6	1
9886	2017-01-18 23:57:05	6647	67	223	86	2
9887	2017-12-16 23:44:44	6460	64	53	22	3
9888	2022-04-02 08:13:03	4622	8	6	2	4
9889	2019-03-26 07:59:00	7630	81	57	26	5
9890	2023-04-22 20:22:02	9234	38	98	34	5
9891	2019-11-15 01:43:48	4388	50	155	62	2
9892	2023-01-09 15:02:49	2947	12	205	80	3
9893	2023-03-02 19:51:25	3953	4	115	47	1
9894	2022-03-09 00:01:23	9734	52	7	4	5
9895	2019-04-14 11:45:51	2481	100	248	91	3
9896	2023-04-02 06:26:59	4375	55	170	67	4
9897	2020-02-23 00:10:30	13	24	5	5	4
9898	2022-10-28 11:39:10	8770	18	205	80	5
9899	2022-10-05 19:31:46	2034	10	56	25	3
9900	2019-11-19 12:56:52	8684	26	200	79	5
9901	2015-12-13 10:02:20	2532	47	261	92	1
9902	2022-11-01 06:58:45	5952	30	205	80	3
9903	2022-07-10 01:18:42	1739	51	59	27	3
9904	2020-09-11 15:15:29	7729	72	184	68	1
9905	2022-09-30 19:44:14	5384	35	154	54	3
9906	2019-05-14 14:02:40	2022	41	115	46	1
9907	2019-02-16 03:35:10	9234	38	208	77	1
9908	2023-04-06 04:09:22	3323	7	5	5	4
9909	2023-04-30 00:44:20	1266	63	98	34	4
9910	2023-05-04 08:23:02	6647	67	256	95	4
9911	2023-05-06 14:47:39	2481	100	160	60	4
9912	2020-10-29 23:48:59	9234	38	10	3	1
9913	2021-02-26 10:37:19	2570	45	178	70	3
9914	2020-12-19 16:44:14	3070	39	97	37	3
9915	2020-02-19 12:17:36	9003	34	23	15	2
9916	2018-01-12 03:06:16	528	33	248	91	2
9917	2022-05-19 22:28:41	6612	69	130	50	2
9918	2023-05-03 05:05:50	8312	13	116	43	4
9919	2023-05-10 21:38:55	7729	72	272	98	1
9920	2023-05-19 17:28:57	478	62	205	80	3
9921	2015-07-02 20:30:06	6660	59	188	71	5
9922	2017-02-06 20:51:50	1914	77	191	74	2
9923	2022-08-06 18:37:37	8684	26	266	99	1
9924	2019-12-31 15:27:11	1213	46	276	100	4
9925	2023-04-25 16:06:49	4090	74	203	81	5
9926	2021-05-07 20:16:59	4388	50	276	100	3
9927	2023-06-05 06:51:26	1266	63	32	14	3
9928	2018-05-03 06:29:45	6647	67	223	86	4
9929	2023-04-01 09:32:17	3299	75	14	12	3
9930	2023-01-16 01:04:40	5384	35	253	90	2
9931	2022-05-17 06:29:19	9234	38	208	77	5
9932	2021-03-03 08:14:12	3070	39	53	22	1
9933	2023-01-31 16:05:13	5704	49	6	2	1
9934	2022-05-10 04:19:25	5384	35	110	39	1
9935	2022-09-18 19:28:35	1385	60	178	70	2
9936	2022-12-04 15:20:55	1266	63	164	61	3
9937	2021-06-21 17:56:19	5704	49	105	41	4
9938	2023-03-14 07:34:54	5100	88	253	90	1
9939	2020-08-01 00:11:51	5991	17	105	41	2
9940	2021-06-04 23:00:05	3323	7	203	81	4
9941	2021-09-20 18:50:43	1118	92	242	87	1
9942	2021-09-19 20:32:03	237	80	208	77	3
9943	2021-08-28 16:02:45	6460	64	130	50	4
9944	2021-07-12 13:54:26	3070	39	97	37	1
9945	2021-04-28 11:08:11	1407	56	218	84	4
9946	2020-12-08 15:13:00	2416	83	7	4	1
9947	2023-02-08 20:49:16	3862	29	6	2	4
9948	2018-01-06 12:13:47	2310	20	261	92	1
9949	2017-10-07 22:32:11	5100	88	110	38	2
9950	2022-08-10 16:10:36	2022	41	148	57	4
9951	2023-03-20 07:32:27	9779	6	266	99	4
9952	2021-07-11 05:22:41	5100	88	110	38	2
9953	2023-04-29 20:06:21	8684	26	13	10	3
9954	2022-01-21 07:56:59	5991	17	116	43	1
9955	2023-05-05 11:40:01	8020	95	98	34	5
9956	2023-04-18 10:35:51	7812	5	105	41	1
9957	2023-01-09 01:04:12	8128	58	116	43	4
9958	2020-01-07 22:43:28	1704	89	7	4	2
9959	2017-10-05 14:25:02	6130	79	30	13	3
9960	2023-02-16 14:03:44	1118	92	110	40	1
9961	2023-06-02 10:10:50	1266	63	32	14	1
9962	2023-05-29 21:02:27	369	93	32	14	3
9963	2022-11-08 08:03:36	1266	63	164	61	2
9964	2016-08-10 13:20:39	9266	36	52	19	3
9965	2023-02-23 13:14:33	3390	82	266	99	2
9966	2023-02-28 04:06:22	619	76	205	80	2
9967	2021-06-27 14:07:35	8312	13	105	41	1
9968	2022-02-08 09:50:00	6130	79	151	53	2
9969	2017-11-22 09:09:43	5035	54	209	76	3
9970	2020-03-04 15:36:24	6431	37	146	56	4
9971	2023-06-01 11:39:58	6431	37	25	16	2
9972	2020-11-26 08:15:25	401	97	191	75	4
9973	2022-12-08 13:16:56	6431	37	113	45	1
9974	2023-04-30 12:56:29	6412	23	170	67	4
9975	2021-05-15 16:46:12	478	62	7	4	5
9976	2023-05-03 01:45:50	2176	11	205	80	4
9977	2019-08-25 11:24:25	4090	74	115	46	2
9978	2023-05-14 10:33:43	6647	67	25	16	3
9979	2023-01-06 21:09:32	2416	83	205	80	4
9980	2021-09-18 04:51:19	2034	10	254	94	5
9981	2019-02-24 07:28:00	8684	26	46	21	1
9982	2022-09-17 20:17:38	13	24	5	5	5
9983	2020-05-07 20:28:14	1407	56	53	22	4
9984	2022-08-05 00:23:17	9026	27	10	3	2
9985	2023-02-15 03:20:23	6602	61	130	50	3
9986	2023-01-11 04:06:05	1118	92	253	90	5
9987	2020-11-14 13:23:37	1914	77	59	27	4
9988	2022-10-26 12:39:41	7542	85	6	2	3
9989	2022-12-03 20:34:06	1868	25	97	37	5
9990	2019-10-30 20:11:54	8289	86	208	77	1
9991	2020-05-25 19:36:45	9734	52	7	4	2
9992	2019-12-24 05:24:03	6847	40	208	77	2
9993	2020-09-12 05:03:05	4423	32	248	91	1
9994	2020-10-01 10:00:12	2947	12	7	4	4
9995	2023-05-28 04:36:16	237	80	32	14	4
9996	2021-06-15 00:48:43	8770	18	7	4	4
9997	2017-03-14 08:31:53	8268	16	188	71	4
9998	2017-11-29 18:25:25	1529	28	66	23	1
9999	2017-08-24 02:08:18	9683	87	200	79	2
10000	2023-04-22 07:43:35	478	62	205	80	1
